-0.009958191684861895
-0.01656660533284482
-0.01791004205439628
-0.026305857749516104
-0.02677873105431261
0.03356332198499423
-0.0405464012724468
0.04637112836079926
-0.052744875002604275
-0.060139634855905566
-0.07401184370136105
-0.08598140613221195
0.0964340460680646
0.1114281648533777
-0.12518985878914335
0.16598374729531407
-0.1981052024511749
-0.19842200054156223
0.24552064626109016
0.24567891113638196
0.27132389894140574
-0.2859301943716197
-0.29523474221444435
0.3016107422886445
-0.31881288911606953
-0.3195833669559922
-0.34950522588936295
0.35054671523787784
-0.35249862973425916
-0.3827942604225234
-0.38730148332083303
0.388305094608167
-0.4041129048947485
-0.4178223913060075
0.44566420841493826
-0.4501041231035112
0.45810158408287016
-0.4620479058835114
-0.4844986915877463
-0.4979485418555005
-0.5119032742617582
0.5281197284256467
-0.52904018964239
-0.529446361355687
0.5313101587044702
-0.5397421304641381
0.5494477841039715
0.5558660559146713
-0.5570026135646968
-0.5667660223665709
-0.573783059726072
-0.5760962773760723
0.5771789465299528
0.583578114030217
-0.6013387412571902
0.6053165493973656
-0.6059063749418605
0.6059969764480408
-0.6116182016218665
-0.6126962061985683
-0.615392863902736
-0.6166179883443177
-0.6191283504154672
-0.6389815015532827
0.6427788995084469
0.6466507450805248
-0.6519513875268721
0.6565860438701616
-0.6737721625821491
0.6922680637858643
0.7009661123950917
0.7409284462666177
-0.741224261186076
0.744585579423686
0.7469954632879541
0.7537395004339085
-0.7767205248796452
0.8067857066750566
-0.8093992651120399
-0.8215591584617117
0.8533439838741359
-0.8651904808404982
-0.8652294187438858
0.8669249121944569
-0.8736142292160074
-0.8755098450580838
0.8973387035422493
0.9110356259507202
-0.91835343689826
0.9219587141604864
0.9518863060385234
-0.95669373473086
0.963455621680102
0.9731251757189208
-0.9821448141347544
0.9831463217379028
1.0182660017063005
1.028928978425438
1.038129406519258
1.0579300060166426
1.0939862998394672
1.1392225361548327
1.1396182294982156
1.1517579634199357
1.183986691891172
1.1844484870404792
1.2150038395343348
1.215179443263903
1.2160092742780684
1.247171509546869
1.2856544556446794
1.288409228182045
1.3263049121438977
1.326959928645227
1.3570647751386407
1.3730576711596316
1.393330290472072
1.4000831945187198
1.427320732493805
1.451035679367111
1.4580206170149776
1.4641383196002575
1.4806171340199414
1.493042755155357
1.503990206524347
1.5374088394432817
1.5632514044610941
1.5695761546823075
1.6027477251849178
1.6044090971632574
1.6089210485301129
1.6405660707406762
1.6520854843518302
1.6579082447962357
1.6643149131041746
1.6973662804037248
1.7049123434675622
1.7076572533311385
1.7090908025543055
1.7435937253233948
1.7508527001232146
1.7551648369148891
1.7778478187516145
1.779273547791083
1.7805783117490028
1.8178586802556884
1.8325028206309573
1.8367013670963028
1.8922343560630717
1.9043635421118497
1.9521947864638491
1.9526474587120202
1.9536710371033008
1.9888889502260514
1.9941262484369604
2.012219593974888
2.0261566381357006
2.0599758020023584
2.1127836713393
2.1147710870618597
2.1374011817315957
2.174203922996458
2.1756607799725813
2.1809054448092198
2.233952352523885
2.2464604830461217
2.2889343100254003
2.3086164558606743
2.3444694869448597
2.3612602891377557
2.4242164780620588
2.4658409527538856
2.480306411992684
2.553866541730126
2.5565819855327296
2.571220249205745
2.5770219100510885
2.6228192380192956
2.6475623887439976
2.6887402849327042
2.6902951250044085
2.75128542180218
2.7903989088329384
2.810924846469312
2.8397714829729566
2.8841459616363028
2.9137466799004277
2.9207365548568474
2.9295354692119138
2.9322776275047415
2.943253374177621
2.9568273734204444
2.9588020008694498
2.965263043713257
2.973486203973845
2.9803778293295977
2.99395739762989
3.0107372152062766
3.052199142652979
3.066639946168925
3.081013328662655
3.103167645173686
3.111391044818353
3.135660560529697
3.1615809226709155
3.1801577205458464
3.200613744940001
3.228151319804014
3.23483951688352
3.235124204657833
3.2897229063431306
3.2911431330309515
3.3064896267388963
3.368243260032017
3.405084336753032
3.4096024054900003
3.4335301852974993
3.4600546091724587
3.465283117967793
3.4947491459797906
3.5369525009752145
3.5891941140248997
3.6407911129659007
3.6407991001457045
3.6955147143664018
3.6964139135193808
3.707092382014501
3.7141175988330586
3.743666951044057
3.8346428362210556
3.8402451933381405
3.850029080685349
3.8521765807645787
3.869439620569568
3.906454711183401
3.9165234841643626
3.9168519013445398
3.921819538037429
3.9369776407025574
3.9496280016321945
3.9700975757857737
3.975691256842799
3.981829205507567
4.049561905904321
4.106641111766132
4.1068197339206804
4.107059940479798
4.12423271346302
4.125523784005659
4.166424926912846
4.17078954346924
4.2217821512927785
4.2846100324849195
4.291067487576552
4.2920636707589095
4.298391582236633
4.305335216019168
4.310744200734554
4.319242235244726
4.326172494746041
4.344124922975885
4.345232055947767
4.354451999755033
4.3624366671194545
4.3742767857862885
4.393871349123596
4.397709087132309
4.401639157793831
4.422247374120269
4.46010805769423
4.46019650318911
4.477458551199051
4.50056032748812
4.523496956986212
4.562486676549232
4.566610650455498
4.594670105446226
4.624008344770246
4.630632187606986
4.65243149160359
4.669721666264228
4.687681147031805
4.694014633342971
4.732353565224792
4.7640857349143975
4.782562132804703
4.801010863212247
4.801558410213435
4.814770483742896
4.823866946932492
4.833155444824162
4.850702265741531
4.86944037961692
4.891256310820555
4.913228861230004
4.914682854662128
4.917907829500341
4.9189874855753315
4.953620031282213
