-0.0006660554033159904
0.006485488997751254
0.00787276984902352
-0.009441574310657952
-0.025524106362084575
-0.02767183355783054
-0.02880228713478994
0.045147394255491635
-0.07052502978688757
-0.07490231835665662
-0.09094182946017515
0.12168493401477298
-0.12270143218366036
-0.13621036729841562
0.14051423644703487
-0.1431748219494693
0.1657442957162878
0.16918655314591757
0.17373022288354778
-0.17596148008120882
-0.1897167720983195
-0.19152076587800093
-0.19427690702894274
-0.20557048587882987
0.2057549938706964
0.2178580383765525
-0.23272215651381356
0.2381750922802035
0.2628074387942001
-0.26572197573737744
-0.26633910301056773
0.27497806317410833
-0.2814495845199658
0.297845933236929
0.3152753313513479
-0.32254544247430683
-0.34178013797222806
-0.34732025160717717
-0.3510869897208009
-0.3585689235999807
0.39300170445047655
0.4200953980552129
0.421482069131051
0.42742659324328214
0.4362736799877027
0.4397370136862313
0.46678693874635635
0.46706170704932326
0.4687905687027656
0.4708232041620104
0.4736775998273062
-0.4888380621981556
-0.4956564812796469
0.4969813072495648
0.5048024431032565
0.5206900926768085
0.5322299268663322
0.5369422125411245
0.5375331643625794
0.55145683628934
-0.570607059538585
-0.5862642303707244
-0.5929992181545658
0.5945896976915006
-0.5995371298162337
0.6154705925404251
-0.6500100600961587
-0.6506607153219266
0.6507474976822147
-0.6652474738807448
-0.6716163302095728
0.6737062345085563
0.6746349980660054
0.6770608105829223
0.6810773574793056
-0.6830499546814357
-0.6861880929136877
0.6953802850659951
-0.7030945287295167
0.7219500307593469
0.7493093233413928
-0.7536583642902772
-0.7541823109893788
-0.7589339676592772
0.7661165152591722
-0.769658526437172
-0.7794833109141843
-0.7802169907032965
0.7900798321013609
-0.7971264960591231
0.8053037542803856
-0.8062300359128063
0.8201711100998526
0.8207011922135459
0.8230435453430218
0.829303586078376
0.8688055500977161
-0.8692337560601169
-0.8791125997042066
-0.8851320048463631
-0.8851512841038449
-0.8874146331917847
-0.9157253075046392
0.9250037162842195
0.9279835485958472
-0.9417468513177185
0.9676225337370155
0.9849578215918517
1.0123022705941755
1.0567027619979914
1.0615975992764106
1.1019896973984271
1.1415783540154378
1.1484771439295711
1.2515684249306425
1.2551003170117285
1.2695895673537136
1.27035824830313
1.2991581516490194
1.341308732082465
1.3527241059122743
1.3844556199050628
1.3965337874607853
1.4294832674042626
1.4622475108480657
1.4811277320890701
1.49938109278499
1.4997074977906202
1.5008451640240597
1.5126930960510903
1.545461917214368
1.5465810376761562
1.5578613268003467
1.5772192984597204
1.5788498278857448
1.6193289591697142
1.638800580373978
1.6917588746434573
1.7485568071990647
1.8357799948089943
1.8637994559209998
1.865827598877417
1.8822156633714684
1.9018709166373942
1.9136500934094771
1.9284707822894829
1.9553131133981303
1.964070567576746
1.9736799468430393
1.989466888215357
2.0511642900001372
2.059648727673558
2.0852437129590298
2.100821381754182
2.1035004168985667
2.13058754093467
2.1479540756461293
2.154233135472694
2.165748454245234
2.2253019773297114
2.248837623626482
2.274662298472479
2.275368014495789
2.2877082455504985
2.316155112272037
2.3310004804365008
2.3473495812800906
2.3651625903089846
2.371618033796632
2.3768188491205953
2.386184772568735
2.3999867771061325
2.408301316898082
2.423615158674433
2.4278797618554266
2.432030779618698
2.5606078615713876
2.638025100610406
2.650141745191327
2.676433324891192
2.680108976076176
2.680838069074542
2.730803904169623
2.744051855277988
2.745933339719409
2.7657307809666314
2.7809855235210073
2.7923078831752766
2.7953114933362317
2.7973615152525424
2.8016493505962132
2.8239484676697773
2.8399218041351095
2.8619430606646885
2.8981034421049836
2.9313720393685143
2.950372732911829
2.964657821329626
2.9729166735775987
2.982345369423835
2.9889936923017704
3.0311966861022857
3.0371157180268185
3.05559768273016
3.061404648496902
3.075710612670057
3.099514736019506
3.116559009782578
3.1208181559779504
3.139294643463715
3.140272935409447
3.15115441282218
3.167333087156112
3.170759023299868
3.184913420946689
3.2077198697624727
3.219136555760312
3.2378127863132597
3.260532790701504
3.3014332972799103
3.303286053884813
3.3787993086450303
3.3853059163385906
3.408448595822337
3.4098869942931715
3.4543933051281446
3.458976181771659
3.4758352428216286
3.4856189965577977
3.496362038620819
3.5038304193366603
3.5180007320293303
3.5260238109665245
3.533568067255924
3.5400711375868923
3.6228705495434896
3.644871023257224
3.648874527670266
3.6524023354216846
3.7652013654066483
3.7827563064946936
3.8494936391755603
3.860196071877726
3.8868474489709213
3.921883221536711
3.9267596388787442
3.933554952417788
3.938361994607514
3.9674570466604226
3.974793442467581
3.9856289162101177
4.0000169321909995
4.016753555742831
4.043651458842245
4.052651752269034
4.104055853106923
4.11885799567173
4.13625375516583
4.141880550869338
4.176889676286631
4.188550376656895
4.25930443443683
4.363883946416042
4.365295751643757
4.389952613177308
4.391333122100248
4.395865570713899
4.406182524975508
4.4141207790107195
4.4372717497421394
4.445296743457337
4.456623669309881
4.490044264273276
4.507730989537609
4.542772981018644
4.549142502575997
4.575134540733745
4.61982338540647
4.6345630083291205
4.635507742460911
4.664852233918559
4.681201359727941
4.709259891962665
4.71105428522733
4.75497625516862
4.807297408589498
4.8087769308164905
4.810582689950171
4.8182263304947694
4.844609206821879
4.86066154477807
4.876782736333662
4.895057860844375
4.901396870475719
4.950700016033061
4.9655973853428
4.976409696300726
4.990330764285165
4.9942675379210995
