-0.009192614251222642
0.032833589667887964
-0.049967040025690856
-0.05001845304985353
0.06025268844864318
0.06265591846670326
0.08199127645729787
0.10696309055346154
0.10743651404406895
0.11056671684280128
-0.11372621436977992
-0.11542748964601635
0.11879958141879232
0.12965275583723757
-0.14183423589401767
-0.1482725890060419
0.1586120851443249
0.15982423352210118
-0.17224872462510454
-0.1833707565948246
-0.18814398398619736
0.19229950528475115
0.2141589980639358
0.21538978170606038
-0.21780328425927342
-0.2293362880508325
-0.23169304323399675
0.2402582495395411
0.2611215791817951
-0.2615596358513492
-0.2667190215494317
-0.27795617492571334
-0.2825399131759767
-0.29889363822392
0.30554254179885976
0.3225578903427697
0.3465234603837233
-0.3592673827847239
-0.36761384113284556
0.3682307224707999
-0.379942776015592
0.38055966277977715
-0.38138495374473913
-0.39006538727724194
-0.40710833170649074
0.41293376171143614
-0.41547555845971673
0.41716023577184225
-0.41922875648507985
-0.4248689916269375
0.42802978905015254
-0.4381875463650966
0.45547496934591747
-0.46518993025898525
-0.48308697686706226
-0.491265376524598
-0.5301987936994177
-0.5326585313591103
0.5475849255720968
-0.5485513274198508
0.5489399795186609
0.5596847733071029
-0.5614420055113643
0.5644383628516183
-0.5792000895508171
-0.5828833665751751
-0.5829181453051884
-0.5861404112022388
-0.5987139237163595
-0.6005120840113236
0.6135687114923107
-0.6179071777887435
-0.6651320476806981
-0.672084182744217
0.6772662190288008
-0.6840799907121615
-0.6894158962876518
-0.7197610757238526
-0.7291654032494455
-0.7381006587108814
0.7443063611650658
0.7478911677039222
-0.76836932441679
0.7790420014825232
-0.7936047587682689
-0.8052886183898798
0.8089080663028809
-0.8487305886100895
-0.8649814834771632
-0.8770353418632508
-0.887791395495207
0.8889375561618789
0.8894002141220372
0.8971825409603429
0.9073359316312148
0.9075163702356601
0.9463280051041505
0.963132974966876
0.9646701047576105
0.9724997569975091
1.0204804658759912
1.0323748401611557
1.0672784538139122
1.0978859889458992
1.1065136380830145
1.142787417595554
1.1483817552164988
1.162569352536135
1.1630252761608193
1.1953468050787248
1.1979234333131679
1.2128423629014753
1.228077104187288
1.241721585003261
1.2424305466563679
1.2859032099159737
1.2997255788375615
1.3101066591089499
1.327750141204012
1.3871827245372819
1.4133493130604462
1.4241435753063882
1.442627409460318
1.4728944229721699
1.498363587929524
1.5055010124711168
1.5101542960266805
1.5326461988947528
1.5438699895331527
1.5504692788830274
1.5594504151147315
1.5638925130307042
1.5893852824962948
1.5906256867411415
1.6358312068519467
1.636620503911907
1.653598565848029
1.6615275862258754
1.6887359559647663
1.6928050163267119
1.755739770002048
1.7753916768892282
1.7984642425023445
1.8027103661208521
1.8161437389216273
1.8644089490735922
1.879349180288603
1.9076656360329323
1.9078650391541738
1.957380572898793
1.9658441321177138
1.9855073475436456
1.9940324441656818
1.9949217712301728
2.015168153102443
2.0564365853962543
2.065260837419964
2.1120667930262043
2.148568431546511
2.1879360207328507
2.191083103223481
2.1964210920885456
2.216830260333717
2.2205776010210494
2.236346486932483
2.2612825886263215
2.266654894013044
2.2843938084003463
2.3071235755317714
2.3321992293346447
2.3583267190722093
2.3898929841825067
2.3959607993753735
2.4177517578168297
2.433430920559585
2.438694813588768
2.4552494465356705
2.4600695870931664
2.472456651439689
2.4843460134421314
2.4970627930763802
2.5071929526027477
2.5102021704520574
2.5231764508939962
2.5554910885330364
2.5762408408209243
2.6163572809724687
2.6300003732744397
2.638715960504209
2.6726214407560405
2.7006595949872043
2.714319631537861
2.7153675752602267
2.718790511714422
2.7231700502266682
2.723774978418751
2.7250742888756463
2.73931591908382
2.7623415008827
2.795060212820482
2.818807688774835
2.8928060332417784
2.9353499814629154
2.9670525147433366
3.0110803987179713
3.0113996497845257
3.0133332995205064
3.0737771763058532
3.0739110732792856
3.0776668808354373
3.1025847431232743
3.130833455588564
3.1507237997914403
3.1587559009591715
3.2247877060827754
3.2431428430731692
3.2433332688897867
3.2598874221367407
3.262514769465737
3.2732051266201925
3.2745257943882224
3.2843315089656953
3.3285561990933443
3.384997690351181
3.4034116155478653
3.4051702272970577
3.431363279360914
3.4357667689143323
3.4473968854212282
3.448844866641286
3.459604975270242
3.465205283904549
3.4919627328922127
3.4992659871734437
3.515789539920771
3.5242441643112556
3.549319899856581
3.554446257956826
3.599738889535792
3.603843908353091
3.6448466963430377
3.664097245676829
3.6712130570132375
3.689896847459268
3.696103276023523
3.727114666887661
3.7517383649854343
3.7530227891742243
3.860367057650338
3.8704910502772183
3.87156276272356
3.884784482861016
3.885875040961028
3.8984681777379615
3.9281185099411626
3.9777885468905474
3.986718352753776
3.997593687955349
4.001852270341058
4.039865396611167
4.044168248392687
4.075946958725747
4.087352658724708
4.115038454120091
4.116184477145707
4.133124279049044
4.233711221513168
4.2431992856531835
4.279666703372106
4.295578562638687
4.298953842448484
4.333699910810044
4.418321633860052
4.469088669640526
4.476066281493806
4.525070270398036
4.526474953410094
4.551970894305242
4.57099014648198
4.594891894205537
4.618647158982622
4.638271275085265
4.6424198288671565
4.6507194559078595
4.65744716748983
4.661945076507675
4.74669564314635
4.764419999716335
4.7765690982049795
4.837408460904912
4.853817675879162
4.914629547284974
4.916024093188827
4.916599487183627
4.9174862755802256
4.928670728985407
4.946305691233768
4.974836924508978
4.984255395482295
