0.0036928361723149727
-0.03798138890186009
-0.03816056524083322
-0.05016444566090117
-0.05719774833042246
0.08455981714419436
-0.08492516970401653
0.08990586577322568
-0.09198898613933326
0.09316321076473133
0.11243200303217504
0.12042281923363252
-0.12407044317531013
-0.15461251729500702
-0.15932574355053464
-0.17018316468268924
-0.176430582208555
-0.1836250443231653
-0.19306855082721563
-0.21296541421783122
-0.22058003756963318
-0.2320569771977925
0.27058645099904743
0.2813304819171165
0.29108183711605085
0.2948983043378559
-0.29863839610259135
0.310645869721053
0.31082509002854963
0.31257113526692026
0.320331412010296
-0.32749538936351086
-0.32836426814209085
0.3384736832428836
-0.33997373030133904
-0.3411644882884959
-0.341958577014323
-0.35413134177195493
-0.36458233269574714
0.39941300501506394
-0.4242156571197855
-0.4275412033271506
-0.4356375858279735
0.45192268476540276
0.458365458366609
0.45977577939745085
0.46347881379416234
0.4637107256190496
-0.481128219871257
-0.5059055948532112
0.5154251967457035
-0.5476184944350033
-0.5498566736291652
0.5705861936482584
-0.5788697442313999
0.5920966273276165
0.5948111997147771
-0.6047924005157383
0.6085932325765238
-0.611888351621537
-0.6147372456396676
0.6173617513946994
-0.6191534823022062
0.630856477536663
-0.6376925347870275
0.6487661384263199
0.6620489421008615
-0.6624700939018786
0.6696656919509283
0.7156784857356762
0.7240291058979644
-0.7243757296606235
0.7318265866717373
-0.7340009091704989
-0.7370046799135583
0.7429884806782934
0.7450159207260445
0.7504711351862186
-0.7534502533142804
-0.7545305060044623
-0.7733835000140794
0.8079816886113007
-0.8128865040154127
-0.8251331265130659
0.8312349208532719
0.876491945219825
-0.8798842605251578
0.8846405553656647
0.8960194001200787
-0.9140713312182802
0.926741191784092
0.9278490365622309
-0.931995915247005
-0.9442469812851884
0.9900538319597345
1.0000205722035052
1.0116434950397721
1.0218849563936256
1.0538374550081082
1.0658884435925113
1.088790554766144
1.1244076957725344
1.1778342662903971
1.1808816932953228
1.1959558228963187
1.2336821581234414
1.246211786909004
1.2756632585635752
1.3340506943525794
1.341622133930338
1.3654758393961037
1.3660813347930572
1.4090603122774708
1.4108630220174394
1.4399640975604937
1.4405287773162687
1.4507814495766223
1.4569937094236165
1.4808037904913514
1.482015539041301
1.4936243491239956
1.5422770631195277
1.5489405676235841
1.5603692107565452
1.5665211156073342
1.6029830639120881
1.684560059255868
1.691347455526099
1.694399716803252
1.7011659108525246
1.7023922129559947
1.7116272769943204
1.7240927356477567
1.7293667441436886
1.7297364157900939
1.732346415595182
1.7453399645948746
1.7648668592982304
1.7970345052532215
1.8085009689977238
1.8134261977978423
1.8241006191106726
1.8261366471301592
1.8537310675219865
1.8820722845810178
1.8981916739496527
1.9147518928121081
1.919077600149996
1.9271190092397221
1.9460257989064558
2.0747439278269977
2.0798443086839056
2.09410707202173
2.132994231769586
2.1534257068764027
2.1612842798595686
2.164421137524706
2.1989732476884307
2.2362973669030826
2.267910974178908
2.2724024388644173
2.283461751037425
2.3373010950688218
2.342266752379653
2.3821848658765177
2.4083433385116364
2.464396097828173
2.4715699546480083
2.4926696982126826
2.500936755525226
2.511997134250281
2.533584632392646
2.538645074617069
2.5425222799480154
2.5586390074366805
2.560936255176368
2.573050494203819
2.5731527321594116
2.6099427277665947
2.6810203815832043
2.686658594454747
2.7675841469432414
2.7976128590355467
2.8105319858007833
2.832066675370849
2.8484122163512753
2.858600702609464
2.8745156010890334
2.8755307043422214
2.8842565485189384
2.924602937271392
2.93697287468919
2.946731412025912
2.9609907969646283
3.0147362451863486
3.03798355219336
3.058093438484315
3.0990072755580558
3.108212912783788
3.111725368067832
3.113077547948235
3.1271147515268884
3.1292133357280045
3.1390889481897357
3.159324443522479
3.2034304644320803
3.2062431333838184
3.213920482333979
3.3008998366862166
3.3362953735287872
3.3713144591699846
3.37910956511253
3.3812549286076026
3.382751507537553
3.387509468039301
3.403561259462471
3.423025686081278
3.4456270661601227
3.4555133977758494
3.4761942125927234
3.4831063715704778
3.491031097005676
3.5229585036821955
3.534797078176508
3.5380495267331877
3.5597116611342816
3.5728979283316615
3.590322669590507
3.6268750243415955
3.647975036365695
3.6974531291102846
3.6983275885991462
3.72759734375005
3.754849913187508
3.7548553640952314
3.7583546126402707
3.7871737230352736
3.8105065210486035
3.8459137448615675
3.874772502310554
3.8767978518764696
3.8947197275521557
3.9486884753478204
3.95735922530132
3.99990293424041
4.101126643645429
4.142450884315111
4.147394190960928
4.165750166342196
4.179164551152689
4.179736348020251
4.192166212103707
4.195800976881056
4.211215378772648
4.235007334326887
4.247533161462664
4.256976310582989
4.2603674434212495
4.266185622182595
4.267732664790909
4.267987736399037
4.268565007538216
4.280613583099542
4.283417664307053
4.31216609116464
4.349992049969547
4.355428292899008
4.369818212500745
4.426576627352312
4.472231212239688
4.473690533559673
4.484082897908125
4.517657676739125
4.521842926344722
4.541289375418229
4.560043216680086
4.5679796718397006
4.5768583038500426
4.62205382936261
4.660405132798414
4.665736538174871
4.674627486507072
4.686391098696289
4.714968936171624
4.719492042682039
4.739976498053311
4.765568773888261
4.774565841914202
4.7761415207558
4.795152984026397
4.796993714121211
4.8211943501659675
4.821686477315389
4.868820964735775
4.8991980219288465
4.929096482026887
4.940890211857658
4.965282182575362
4.999001472911219
