0.002832990339909358
0.01674944547337831
0.0183786952766829
-0.027761295481069315
-0.03957996363942251
0.04597367681643183
0.050896179860216995
0.06244618927250167
-0.06878005572460877
-0.08821750507169202
-0.09280050110435267
-0.09338163054901827
-0.09654715437983508
-0.10406884089579194
-0.10787997337103583
-0.11141426251873665
-0.13225529639930977
-0.13824191477028225
-0.16280215423558886
0.1640365174597178
-0.19048227921318794
0.1908481921851346
-0.20508663513413095
0.22063690934184632
0.23267338910290158
-0.23987253702360212
-0.2524735363577002
0.26123146194570035
-0.28004811436122456
0.3095903611432089
0.3177107719191614
-0.3180966057196537
-0.33063413405992437
-0.35413154908499234
-0.39804590378802507
0.4131947039143109
-0.428976634140118
-0.45574176426747637
0.4688585019966598
0.47254060710225776
-0.4802928677509566
-0.4843659510039189
0.4885899119252324
0.4992367880863713
0.5418938676029539
-0.5603772377884648
0.5698411679334452
-0.5740034360805137
-0.5755776214619661
0.5919706327969672
0.5939328950012759
0.6013300287770285
0.6102231788125398
-0.619637901205538
-0.6498636818025265
0.6580360829507939
-0.6592286381317309
-0.6690597138451411
-0.6877607542567838
-0.6896733664640975
0.6926777884505324
0.694380592416834
-0.7386640639714692
-0.7401249283789544
0.7482330253676333
0.7521208273630904
0.7547525427531783
0.7739281950585271
0.8269337986797289
-0.8295426766560539
-0.8393338651583127
-0.86116458143879
0.8804529781306831
0.9158621933311333
-0.9298578043659309
-0.9332926323286204
-0.9344445767127443
0.9440722722190391
0.9569239426217082
-0.9674343155304861
-0.9771489401903548
0.9801331406241647
1.020654716135664
1.0548511801296856
1.0611348836169539
1.0739140410446968
1.0827814403613818
1.0936446145206062
1.1088972389135456
1.1464290647298965
1.15344864056536
1.1906668463316796
1.21599757215927
1.275807066644326
1.2899493356710972
1.2986537033004653
1.3767778323458728
1.3806563993362588
1.384967403849199
1.3859603231561906
1.3897647191078861
1.426951178912753
1.4275619208255366
1.470672894577553
1.4717303139655575
1.5144891779101108
1.5265749899029735
1.5468175026010185
1.5672977280538127
1.5679046087464608
1.5981616871409323
1.6133162484996677
1.613839735722939
1.6168139388701155
1.6677473911314298
1.673786176911344
1.6866384892794168
1.6889671624954818
1.7089337601152623
1.7196726430777423
1.7250375400945805
1.7291358055519748
1.7338274514327487
1.7421830785391799
1.7488867094014626
1.7522170585259564
1.785110734726131
1.828307612844025
1.832457047248088
1.8694238513057089
1.8763200850158848
1.9275536373322169
1.9775192123340997
1.9939925755662653
1.999393563672757
2.0226347492128287
2.0683544814512214
2.071663591850065
2.074237813324983
2.080058201284827
2.13196404039921
2.1425465197400495
2.1517283439769725
2.230719933840267
2.2647430573607608
2.2833640475260184
2.2893838592172044
2.3530797279908504
2.353858566267703
2.36366873770379
2.364886995774625
2.400684970651983
2.426256564376936
2.470826329071859
2.4743695220679154
2.480773948145867
2.4965682956166786
2.4973243756874126
2.498382999755176
2.508737690997788
2.512528101336675
2.513357146526406
2.5288138967732205
2.533345171334245
2.5369007180734346
2.551198186178569
2.569159230625172
2.6046088985862976
2.6256880291903624
2.6515136603107132
2.67937300402118
2.686046758504517
2.7188085289104835
2.764822016124182
2.7774813992239906
2.78691665614956
2.900270466201583
2.9059772634076575
2.9098032374317304
2.922632265147903
2.9280744764053392
2.9323437987240712
2.9394827386471203
2.9553974013633866
2.961004766321768
2.9772010353528358
2.981860440078081
2.985354115996677
2.9911558219088565
3.0221075213024298
3.046289741147982
3.05524386079758
3.0599172340056775
3.064601533207542
3.072188940108015
3.0935353506499084
3.0946995531417505
3.0974867667349297
3.0977484206469867
3.1095785885420906
3.139991420323528
3.1687477031526754
3.1942026831743213
3.225925509653921
3.2273083462997336
3.228219359206764
3.238456491793479
3.2401246194369335
3.263530316373343
3.2685708069453208
3.2699287214248782
3.3083548918994756
3.3197286146329903
3.3241749217813457
3.3243862730313127
3.367215332280808
3.3801645203603927
3.391720938889118
3.407550926719855
3.41660446033071
3.468602381080208
3.490624537148183
3.4929199051227107
3.5281069618938368
3.528416328079466
3.566360001415834
3.5672740430280303
3.5685222862132004
3.5744749939609193
3.596197809002235
3.608793931085202
3.6131488839212587
3.6410716459470525
3.6600772667238353
3.672428586592888
3.739491912027459
3.7395887934816203
3.7484396180967625
3.767090390032731
3.7725389991723803
3.8099219193134504
3.816383786302384
3.829940250293677
3.928866570519033
3.9387538559525463
3.958348078376563
4.036694500521181
4.048018623299804
4.06965193970698
4.079141020224435
4.091691015608456
4.092102379002159
4.127548575295881
4.128523229083465
4.13111083324422
4.150055613058845
4.195348169612068
4.19817091333527
4.235673597476374
4.257861545027804
4.283272613935422
4.299658384598892
4.345155322556932
4.416567714155363
4.425647408813641
4.442167505764365
4.452233939638364
4.453244983730153
4.46026441309805
4.467872547873904
4.473711919901838
4.4753888299495586
4.496866450618392
4.498139150020872
4.503489046984893
4.508345675480109
4.511618961010947
4.526654780892116
4.568120557711244
4.57675772006462
4.615287533508264
4.6242161350782105
4.646384440707002
4.664770839029014
4.6926331346735495
4.703335230641544
4.723471876878271
4.765312866429157
4.772976169436698
4.78370388938557
4.785989679875653
4.799722114105874
4.820701443331286
4.835919385904841
4.848711532890221
4.9594802251785906
4.971494563443216
4.989247660760112
6.110729263575365e-05
