-0.014236393770522549
-0.038742875643924535
-0.04645079165085231
0.04956036773051675
0.04996648349688004
0.060881608169952806
-0.06407305805850072
-0.06514612338414838
0.07042893476743872
-0.07055755346093084
-0.0719589533985705
-0.07278219927242291
0.07729026912712711
0.07822768037119499
0.08076557486374258
0.1221908494168864
-0.20680967028305308
0.24840318073233525
-0.24958077580276927
0.2497807843952955
-0.2548035978779257
0.2636297941470236
-0.2658861281561713
-0.33062350900985726
-0.3327384598141623
0.34488340301584874
0.3630472352671801
-0.36430903946969084
0.36572857652536284
0.38178534408508136
-0.3947648602798124
0.3962424067076349
-0.3985963753722903
0.4002934468952255
0.40501855602003767
-0.4059381643545541
0.41205922405690365
-0.41412016429755627
-0.41692072126519
0.4213495424684883
0.42603869265782857
-0.43687263012686284
-0.4437881350533228
-0.517872586024742
-0.5302702250233735
0.5574383404177543
-0.5733904686735889
0.5786950480129935
-0.5979367913317208
0.6041603660951618
0.6277938568470762
0.641342813966777
0.64475626953188
-0.6492983887028323
-0.6607003985247426
0.6677528665523926
-0.6708347292773389
-0.7126433934824297
-0.7162005719757574
0.7257193206504093
-0.7373054285079781
0.7643164388650054
0.773129702345932
0.7779258150759116
-0.7788852102864752
0.7840176547841367
-0.7861954704087448
0.7990621922144774
0.8010305492462941
0.8025286867629977
0.8065948439474533
-0.8144818331492121
-0.8233766348139868
0.8379795901595637
0.8577427399547453
0.8954850219062045
0.8994902794045854
-0.9032093253456117
0.9126275729629507
0.91445140039499
0.9272939826552444
-0.9319082376305292
-0.9328107592642383
0.958806867127642
-0.9614366907183245
-0.9637111261094957
-0.9764321060559198
-0.9797003144118634
0.9828043241163318
0.9852231621613561
1.000856157225324
1.0115965727178686
1.024220723595394
1.0339294191372348
1.0500089089170617
1.0529173800196556
1.057756157379294
1.0600260386303009
1.0788411504022548
1.0916257109406144
1.0927950198009624
1.110707736799597
1.1484961078905718
1.1521651930724683
1.1642853204772554
1.1669292929056239
1.193881141458942
1.1960780131916788
1.2122477524272686
1.2327837389992071
1.251946107254449
1.2727398587581829
1.2784334647968443
1.281519908403956
1.3237212765278157
1.3389778466597013
1.3423325933075985
1.4114198430510516
1.4152666109506047
1.4240617154345419
1.4266691616058922
1.4287284068924646
1.432521694764688
1.5027053961708923
1.503201270939944
1.5098836251518755
1.5388865550124575
1.5634173512984377
1.5671927265121397
1.5905725454070367
1.6423529023897556
1.6791052951927359
1.6990468789693995
1.7257147544795837
1.7320189142245201
1.7341040483287675
1.76526533292723
1.766640241804864
1.766900838537075
1.7802501391913643
1.7816525407473982
1.7848231869225404
1.804440809386946
1.8057305913370243
1.8492371743406526
1.9171667744922827
1.92561231590836
1.9310257363997216
1.9885016793404366
2.012692721667657
2.03347469322324
2.040584586377913
2.0423971571133857
2.0437662177273332
2.05542153398391
2.0566595211344123
2.0850255901789474
2.093407771438379
2.104482414878469
2.1663335230783995
2.175644580062639
2.2037251088520704
2.2137762571371953
2.214658500662849
2.2208183301519493
2.2221593230390653
2.227488041026791
2.2293540197679076
2.2452388528502274
2.2468661798572303
2.2562564965624423
2.319453800906527
2.3244736208297314
2.3356488503170545
2.3991632721281437
2.401825597399199
2.442830889201925
2.454320076339245
2.4565341256250433
2.466025786830902
2.524073295469468
2.52873288947304
2.541466525529117
2.5508070083344165
2.589553009117234
2.6095487164445945
2.629478099526458
2.651152988374734
2.657905915321227
2.6786599939773943
2.6845908229570496
2.688639041150175
2.695687470161529
2.717302152124315
2.7461669152585184
2.7575773807295842
2.778742723474749
2.7954049714932863
2.8427490894487812
2.8449904363721212
2.912466837802487
2.920184753815474
2.945235517803493
2.9856857649724646
2.9900460501111654
3.004679848157018
3.0817435726817104
3.083017307817819
3.083457487794699
3.0845536517923335
3.115414950459768
3.116570899136623
3.1459269049249983
3.162703296387524
3.1661152962758825
3.170814179496621
3.2144384563068185
3.2217602909689456
3.224565718912455
3.235414636611041
3.2745628502909305
3.306203303751424
3.3565209065066366
3.3762281146033573
3.4340700491509777
3.453730356024969
3.4913031083287365
3.4961539856091317
3.49618849422252
3.5021638378179265
3.5158548672010683
3.533412119412617
3.535722037893205
3.6326613832278527
3.6388693335790645
3.667779502599995
3.6833836815910956
3.6850445479535807
3.7166834299864107
3.730181854726096
3.7319250541785465
3.8127178746373733
3.824654415949494
3.8764366953566194
3.8810223454657855
3.9932329331743546
4.002494813788708
4.041463929443006
4.058894913201583
4.0739201956912225
4.075314551092417
4.090066254454381
4.103850826525946
4.10818179973162
4.121641951925888
4.210200365740763
4.226296278767961
4.287495445961904
4.289765550419818
4.296403984470382
4.315762300658189
4.353081540788683
4.356293370718365
4.361859892950776
4.394959733027811
4.397112280396865
4.399242636210392
4.422213873018978
4.451619175281583
4.461610965278724
4.467250601593204
4.46756020697652
4.485884628341203
4.525244384979548
4.550248827700786
4.557437133091629
4.585509224435933
4.619441299866379
4.652051014830987
4.654798130071517
4.660923011166849
4.668394546302532
4.6740897202707234
4.67715722344432
4.697375649268448
4.74293660072472
4.747399427909055
4.749784492745798
4.751932875927619
4.758632418473496
4.761096645904106
4.7773877217972895
4.779677198083566
4.80130046462328
4.855739819323959
4.922568554600288
4.953482150893171
4.977499971182744
4.996463788813291
