0.005152660384359686
-0.008466252409673025
-0.02071240931773599
0.04482712118631893
-0.04486567395888108
-0.04550871106286025
-0.05566106509473889
-0.05940638124869713
-0.06260820502550302
0.09457696603974819
0.09511437572884662
-0.10809395407057787
0.10945430783903753
0.14106410724177665
0.14486645277762644
-0.16281624651606408
-0.1673530957315692
0.1723286141888971
0.17392125813733905
-0.1860934832498249
0.19260770925991033
0.20119773861043266
0.21130919420203154
0.2358273347349673
-0.24347755264953097
-0.2620570227524939
0.2660331959578284
0.274235676984393
0.3004816906153909
-0.35779559964023955
0.38132919059478443
0.38519445952438436
-0.43858841315931896
0.46690448740329593
0.46734374876344686
-0.4776068642846283
-0.4926114336300973
0.4965263773989268
-0.5021768265186084
-0.5066147310629079
0.5089409745616214
-0.5178418114466408
-0.5288136802287704
0.5302817759805005
-0.539836559462584
0.5418002993501307
-0.56828314291382
0.5727482823947916
0.5756067884864879
-0.5853287847276984
0.6147678441264655
-0.6151827122069267
0.6362078017101569
0.6723372961362544
-0.6790535692501352
-0.6812945835566533
0.7161234960866938
-0.7449916822851099
0.7463334140854934
-0.7621591694747953
0.7860245918654805
-0.7894030316717049
-0.8082786941279325
0.8131442116738221
0.8161244094738314
-0.8174282589646964
-0.8347895720894505
-0.8572357930668841
-0.8616833389981811
-0.8681282013672027
-0.8682572506777204
0.8685298260192784
0.8717069273856348
-0.8734971205059434
-0.8971472120974235
0.9059396520125833
0.9068464801934213
-0.9279116773408969
0.9341114565475255
0.9435845124930948
0.9443358273043503
0.9682753828865174
-0.9724766382382626
-0.97340907318859
-0.9779408873843913
0.9802562566067008
-0.9872310171992931
1.0454255774158159
1.1236172266129847
1.140840566493503
1.1615177432470558
1.1647230158224207
1.2103480939650315
1.213898835804831
1.2246249422888211
1.2814898531412569
1.2979793423293606
1.3031282865997742
1.3334210652316694
1.3450918874959017
1.3535452224313729
1.357558028421574
1.3791421118241818
1.4091135933080485
1.5113830208377408
1.53461757677871
1.5678682362556082
1.5760649198687289
1.5773949536130134
1.5908757878556496
1.6186422389733712
1.6692517542061718
1.6698112425527385
1.6731204901435461
1.682058507554034
1.6862813006696618
1.6964779097356146
1.7439929087688242
1.7754292563746557
1.7874589044205802
1.7925201019582282
1.7969218838891092
1.85369084132528
1.8580515552295411
1.8680702109477636
1.870306637208155
1.8808581977247272
1.9148681037393098
1.9169278518226145
2.0029545234669057
2.01887693844207
2.0359211879998393
2.0525728515574135
2.0692498466807976
2.1210296144798493
2.1318635086863966
2.1600937049865405
2.1959544835558114
2.2165594362249657
2.2577625083868376
2.2751192087975576
2.2810986322591473
2.29096815346825
2.297655366456321
2.3258554489248078
2.3311748465199456
2.3341813197892995
2.352764781604007
2.372832762305951
2.397869956491103
2.413985783050453
2.441883252266746
2.4639378444043167
2.484088796210474
2.4964642238088177
2.4999791519419174
2.540823071829891
2.5583478570415163
2.6081759155650572
2.618748126955441
2.627393037196806
2.6276005024821334
2.6342585722757876
2.6403039975732554
2.643690768201097
2.666132562659047
2.7264794905036442
2.753040850319395
2.7589963037669545
2.775497955178495
2.776606453714767
2.7869890437526905
2.819699703410636
2.828895040208196
2.835687521127377
2.870695582532966
2.8788905231031734
2.9116520961864603
2.9148234579853907
2.91896155122088
2.929819539808277
2.94283500880641
2.962576778076147
2.9663178549322264
3.0817966081261643
3.0830734838588585
3.088050446954324
3.1025980242761744
3.1172302336530437
3.129508435130698
3.173484044931067
3.1916370453453933
3.2279720619041523
3.24476591135942
3.2558449341008986
3.2609115802771473
3.281860568537498
3.3022808272823445
3.329769386366733
3.3454500159597247
3.35056430723154
3.3509534619596995
3.3542101527088413
3.379603872847433
3.3945906818717955
3.4042730227243796
3.457991911523264
3.4647241560062145
3.4726885963802614
3.486552833951791
3.5041365780487537
3.509458550464882
3.511722995820204
3.5138181464287763
3.5542686338234226
3.5639036525766645
3.587522989854171
3.5986053607733828
3.601290978317242
3.64275569318555
3.6427845868083653
3.6752472975860115
3.684302231037055
3.699896398185329
3.703215345529947
3.724653559141636
3.7708733630541236
3.7834300282041546
3.7951198713704066
3.7975502481632617
3.827924927601572
3.8407422770715636
3.8525826198875146
3.8565749717722735
3.867666393616645
3.911352804337298
3.920595324168265
3.9323411761406852
3.96458960045742
3.974267472844189
3.983739547244415
4.011043957416711
4.021773624966196
4.028979739262741
4.043231662009772
4.060678621315471
4.088129474941753
4.11056417533897
4.111532425996177
4.113545010477687
4.126581189453181
4.157285033134833
4.164360763597856
4.172290844913936
4.176244167556095
4.1939080482532365
4.195219368011691
4.228322244134845
4.256395982795748
4.325959627514928
4.3464913237093645
4.352260020552543
4.371652466966996
4.39264000566623
4.393791540084445
4.411425427766005
4.453340926046372
4.476119729600274
4.4793807616414
4.498025713401261
4.53163863313224
4.532009286958035
4.548149352631606
4.559612502930243
4.560914511591713
4.574497343181471
4.58270422662989
4.588189084649666
4.605142057890349
4.609221313968463
4.613519245443037
4.618432726846565
4.642562699191543
4.666600699189478
4.677351143994039
4.689097398024517
4.696976485329742
4.713798083778832
4.757033633923646
4.819116897196247
4.832310899939203
4.85046292014601
4.865056264605534
4.901562054708506
4.9202176393541555
4.9218364436517525
4.93652173766246
4.9741765799884625
4.995360144731252
