0.006800004217045741
-0.011344275071122345
0.03873712835298293
-0.050946623919868816
0.053527259069416244
0.057766158307044124
-0.060246450030526866
0.061412316656197286
0.06255417968673926
0.07852921859021778
0.08596346414787259
0.08791627381514422
-0.09739793396928298
-0.11442783317922434
-0.12109214776858646
0.1697980457749959
0.19344664325144167
-0.20146847444814564
0.2081296379141997
0.20898868424833772
0.23542083411159576
-0.2432725115727843
0.2781336591902308
-0.281064324320482
0.29572290238730115
0.31444704828037473
-0.32554576648430866
-0.33664980841315173
0.3373205297979469
-0.345577023110214
0.3455792260345998
-0.34705266885803354
-0.3800597410383513
0.3847309986426042
-0.3869850644674355
-0.3911345284008809
-0.4043691225634687
0.4307402370014224
0.43893513548292384
-0.44108492769656427
-0.4717644094440452
0.49715106598658165
0.500377462237467
-0.509282341486087
0.5198078078561894
0.5265770034080111
0.5274260813289595
-0.533942124463161
-0.5561857301166393
-0.5649305832476657
-0.5829716241251282
0.5916560100160844
-0.5930024551364264
0.5949243384350928
-0.5965937885218073
0.5995060168450379
0.6081175199813378
-0.6259670528806391
0.6388016269179797
0.6627969741537811
-0.668735119954621
-0.6806672299080951
0.6831842456863768
-0.6915611168982563
-0.6958966175667001
0.7049326337077755
0.7653332831368973
0.7694361714320905
-0.7695458740651979
-0.7737332797651972
-0.7807449039438961
0.7907175219295519
0.798491483729449
-0.8152002101815312
0.8176019852678391
0.8411198273968121
0.8460691411924126
-0.8540739796110193
-0.878916715848614
-0.8870972825708627
-0.895495344392572
0.9176244139497332
-0.9298714222506781
0.9377884173450513
0.9386198872110323
-0.9608448064598021
-0.9660443687584064
1.008920064494577
1.0283648573687194
1.075290090213012
1.0991272257997409
1.1196713409256285
1.1203739071384016
1.1217013124872697
1.1405276084815315
1.155466477525514
1.171541679932059
1.1943574381995763
1.1973100935670056
1.2033540903889115
1.2045482101307607
1.217914659240423
1.2320802097163548
1.2481025241596138
1.2698362381536823
1.2737956254784581
1.283246339188163
1.29152684399105
1.3148255068927361
1.3163605986403182
1.3328993383273642
1.3346690920928737
1.3498339583463688
1.3704079750520064
1.3910242928331256
1.3983891405974003
1.4323253785349048
1.436171824501514
1.4661482678072733
1.4771937946414289
1.486101173216169
1.4863498933405008
1.496893920620507
1.5012691386508497
1.5157922775566113
1.550273624196013
1.5506142053059628
1.5526559281566379
1.5718646739589581
1.6433276677754893
1.649825898422021
1.6799791977643963
1.691882775646739
1.697366587387278
1.7039704746717845
1.7607717288406755
1.762864651560791
1.7711362104708002
1.7894741018681302
1.8006226613196255
1.855798719574437
1.8567435856211034
1.858143609418902
1.859656175099277
1.8745512900079868
1.8981356354030865
1.908179685995946
1.9376218380947332
1.9890431528423136
2.0115578346927356
2.0371102083150214
2.037794145533379
2.0988439917609263
2.16013792920743
2.1745635080998715
2.2275847033388274
2.246893643991175
2.2484946816248943
2.279408464903546
2.2842793094321037
2.2871907788653996
2.289549717888824
2.3087646078666433
2.3147334057429916
2.3383064225482646
2.381496914899939
2.4056274576072454
2.406100500599197
2.419645688890879
2.42970918981134
2.4458586538949625
2.5000338396074255
2.503377490329445
2.518448025998116
2.5233578454674754
2.535395560982638
2.5410453535801807
2.555954100727276
2.5561051059239763
2.556460306532828
2.5893522679663317
2.595595010678961
2.605441733622391
2.612994175388324
2.626354266700467
2.628399730672564
2.6350918019752143
2.680929692128693
2.7099446254065986
2.719538813007207
2.720444840607138
2.725031127647611
2.818517608611276
2.8273688982410823
2.8449334350774693
2.9098846756384047
2.9166559367549105
2.9287457178728578
2.929093899609684
2.96547747512209
2.9849823695205258
2.9971524302254307
3.0064388967145455
3.028173436184523
3.0446070196327977
3.074190551548033
3.107194700238212
3.1240853115311813
3.124330284213583
3.127986711412934
3.136045482395886
3.1620521256559364
3.2046388491434437
3.2318966843472046
3.241470411279196
3.264947680509069
3.2673874459076293
3.2878388707529176
3.3366679373312547
3.3374463291728818
3.383077936486229
3.405003780523539
3.412639036965521
3.430762270460759
3.444078140849987
3.5367181536098826
3.5568361284384604
3.565440255105682
3.5751436452812015
3.590045887190268
3.6747595674100815
3.675157022777589
3.723604877837097
3.7647946637886083
3.7692695552455966
3.7820973519324292
3.782141377152498
3.784159415797263
3.8022252082977746
3.8414195368058124
3.8624934460476865
3.878679164052751
3.899888867464493
3.9402427321040054
3.9696752527415704
4.018342546120168
4.03445570276558
4.046571997740693
4.059214589766337
4.068575136174838
4.073521595224851
4.087407254565757
4.093938792460407
4.105163863325012
4.125937472619507
4.143736171195524
4.144935282917254
4.145582997964311
4.17159529537936
4.174083298482482
4.18129992900833
4.201983799801953
4.234516167174414
4.270525287615061
4.280277651532648
4.280403398308837
4.292394363386825
4.332160465179238
4.337902330176192
4.3712521967538915
4.383585524236601
4.384955139659488
4.389360900854009
4.404481404903255
4.409158511059079
4.412122988411217
4.412480352588631
4.482204625085667
4.5219612707762975
4.527310287366804
4.553571672349678
4.58852174125561
4.62530410201961
4.628999171212559
4.62971594067134
4.662840644082083
4.67084469851996
4.699877905221318
4.725606138194625
4.738930554998229
4.753751833182962
4.7623422158848765
4.768346346589694
4.796270741269344
4.819343059034307
4.876039361666358
4.886269385672147
4.981711380173542
4.9960452359566485
