-0.005557059210127058
0.010016613470835045
0.031361351823097516
0.04291623419952173
-0.05188345529684901
0.05432791025485706
-0.09099215413903528
-0.10883074213338184
0.11313769229312398
0.11565345215527034
0.11924638220718697
-0.15666443934045393
-0.17126715833475137
0.1742227759599766
0.17715521814027313
0.1831384569767034
-0.20049941252176806
0.20692037487364456
-0.20956622346633313
0.22932727390661567
-0.2406363402316536
0.24433250841031584
-0.24681260023552998
-0.2662192768490572
-0.28761582083878423
-0.28892436753525463
-0.3022360518105811
0.30402363453775916
-0.31195257001394183
0.3223461362140194
0.338984733700318
0.3457405991139577
0.3589576628558018
0.36923679133864873
-0.37410575006677105
-0.38259966805411594
-0.3984669997318342
0.40059168462130335
0.4059360709030415
-0.43530760587293305
0.4364796297298996
0.4367931581422426
0.4465070227763317
0.45901239093710555
0.4640301242817877
-0.4756088132333596
-0.48786824929171724
0.5163331944724789
0.5193110579804732
-0.5267153784573917
0.5324165213365186
0.5436048678472571
0.5456725255371222
0.5457599177971215
-0.5555421374913565
0.5633157536136353
0.577455532896967
-0.5883021256700787
-0.596702847092774
-0.6042993057834947
-0.6195629030927292
0.639342067706058
0.644919628607123
-0.6563193277573731
0.666393551864221
-0.6710443201287979
-0.6807265185232598
-0.6941697140137255
0.7072512041488255
-0.7196727092119408
-0.7266092515016063
0.7509645488450674
0.7562423021703597
-0.7741213344602393
-0.8127129503350097
0.8229741167717524
-0.8232334953187368
-0.8303909590918339
0.8488775521948155
-0.8551550221022077
0.855749807320249
-0.8603068745226765
-0.8696916397805956
-0.8840841566634228
-0.8861527084756393
-0.933000915603519
-0.9514359075127838
-0.9766929984163863
0.9782406290673165
-0.9882412576073951
0.9917511509360732
0.9929059764391546
1.02837340906256
1.0734199245578604
1.076571163153571
1.1036753682410785
1.1113964323669467
1.1121862382243766
1.1207471946270147
1.1388365521534682
1.1505891112598934
1.1565872984662047
1.1788361219634993
1.2093529840631092
1.253049496349195
1.2553595279535559
1.2733066014891548
1.2789888328162178
1.3049191385128962
1.3093155147108475
1.309318408686528
1.3308020225581547
1.346243344668986
1.348298080073759
1.3983062955292809
1.4616791285939907
1.4680627723645392
1.4774755418206995
1.559523384583167
1.5783771473957335
1.5819363523552727
1.6168362949031652
1.6258316032307265
1.6289665341930464
1.6553933134457837
1.6707220220433805
1.6849599156256563
1.6921671851652484
1.7029347653751241
1.7057203088336825
1.7657828801384579
1.8217654343135106
1.8298856948593087
1.8517761960952357
1.8820511980793517
1.9066149323561552
1.9222234971163727
1.9223760800745904
1.9294008621337841
1.943607863952265
1.9622196734420365
1.964726012064494
2.0008892234005646
2.0087173262368623
2.0592715756538293
2.1046750459026033
2.1134308555520986
2.114266639769566
2.1706050005132598
2.171500118715966
2.178000352664439
2.2107085630718553
2.2327673196032833
2.2403273494577673
2.293676795610881
2.3064631511152953
2.3084806100656134
2.3196954897290016
2.3223527605434593
2.3468180282547335
2.367098124051232
2.3776566154525685
2.422774050147142
2.4233374478570506
2.477304869100303
2.499739231749641
2.5417596036737224
2.551219512846597
2.5604947296816545
2.5683615945449465
2.5736578441969646
2.5808937606528697
2.597464605944187
2.652646224552522
2.6930435677153484
2.745425662660078
2.7531261930239275
2.753192489958625
2.7700550856583246
2.7906145729280523
2.7991470441982518
2.8045429020051644
2.83195311926541
2.8390484270397076
2.841126268190941
2.8718934569167285
2.8940780954246432
2.9095899982813704
2.9314531421313528
2.9355297003661684
3.0054365127357983
3.0375133337293114
3.0749687339312644
3.09966627637494
3.101041590674848
3.110700520917314
3.11583150303235
3.121287417486828
3.131792423465048
3.1564279026594955
3.1669911616810493
3.190866907049017
3.20857609078815
3.236007265982817
3.249233369733533
3.265869512044164
3.267285427615634
3.300876233442925
3.3035212305996824
3.3209064247064006
3.3427604920255956
3.360597222655202
3.382033161705479
3.38544946165905
3.398989926461656
3.4193941457403563
3.454650775297411
3.50554632860719
3.5273941619017313
3.5301619450604136
3.5842188907370556
3.5980271275202798
3.621121607983717
3.621155403383967
3.647605172646858
3.681713631106442
3.6937429581154566
3.7040639062867617
3.705465982636495
3.7172508313467167
3.7196283456975925
3.7247970233898258
3.726394369882013
3.735753515005112
3.756101657905739
3.770814434987056
3.779807257984359
3.814537819022717
3.8318101442098405
3.859497257950835
3.889990557948976
3.894088991577947
3.8993312105874987
3.909811222868642
3.9563538524775357
3.96642381777756
3.9767841531766743
3.9916864319256833
4.0019199431708925
4.003665066223775
4.043777915728922
4.094581763732914
4.1558994322748175
4.158431686513535
4.165741326139225
4.173166970559063
4.189177220635906
4.1942814596455245
4.199609707814114
4.201247867405274
4.203953488651998
4.2171775669829366
4.233114910139179
4.305421742695856
4.312038089110397
4.314504350153496
4.3156680404467975
4.320494447613683
4.331496845287887
4.333422603395289
4.354418734168578
4.368200049131458
4.3857914489756755
4.463725238380241
4.4738019833735905
4.478774092412994
4.512941716105684
4.514125992741728
4.585966040598608
4.593594752739192
4.593757439312047
4.602476111533805
4.608447112442934
4.61024127304046
4.630886776359624
4.683083784810292
4.688874911447371
4.728540914480866
4.747152849515674
4.787002880996963
4.801777310425573
4.806316492073515
4.8507622581405245
4.876925680312764
4.91313086964138
4.929381449819342
4.947383657617671
4.962647912158566
4.987216812909475
