-0.03532490057214721
-0.03717030609497729
0.05579299500182211
-0.06362757253051465
-0.06821727056403692
0.07848820764161868
-0.07957603872170327
0.09068430883061929
-0.09888832632697708
-0.12434063738557577
-0.12832410214524237
-0.13302715601690607
-0.1485601241263934
0.14940005956006353
-0.16558831446084765
-0.17125188976723305
0.18756702716281382
-0.18897500644043808
-0.20145836609988388
0.20757040095966017
0.2081635445087524
-0.2141570800557986
-0.2175573525081389
0.23097626698273221
-0.23189274087126188
0.24924013236181208
-0.25456123548870924
-0.2604943126475405
-0.2737500252338987
0.30985164766723794
-0.3182352526855612
-0.3189702341047478
-0.3227475381563667
-0.3272332665109954
0.32778438869752624
-0.32874857478534336
-0.3309789737727937
-0.33413424793483015
0.3380904755601637
-0.34834110498573034
0.3490600378362172
-0.3508034071919295
-0.35270677790654203
0.35549985167068177
-0.38127745106876865
0.4178188290891196
0.44070310218869313
0.4505647585192165
0.4639239372712065
0.4883065139922669
-0.5177096936777976
0.5201178263188395
0.5217566096691693
0.5588966122696986
-0.5643750589643919
-0.5676286131129573
0.5731327403118602
-0.5744504546104345
0.5746098384754521
0.5835838452820514
-0.5971667283334499
0.610617079660192
-0.6400801816547514
-0.6449865931864192
0.6668411372842213
0.6757446048483648
-0.6771595838903672
0.6894244998102623
-0.6967728151597372
0.715214865514523
0.7359272349032353
0.746673063919949
-0.7507650343073988
-0.7680991137866509
0.7805490790884537
0.7849654831120008
-0.8052586093377452
0.8148110902286188
-0.8189084771766386
0.8247556265179261
-0.8419994750713309
-0.847265300698173
0.8595298647515268
-0.8606085970958886
-0.8775494408937412
0.8785124078436755
-0.8883171512379335
0.8899744568004602
0.8991493798106198
-0.9023849213957502
0.921066890759114
0.9212457014946629
0.9237653889708659
-0.925714633641199
-0.9393640105560523
0.9478659819247646
0.9525877999446755
-0.9550261234854251
-0.9654462120475165
-0.965528153406334
-0.9708436883593721
-0.9746882882232384
-0.9812982707993667
0.9821591968276633
0.9913996257362245
0.9982189796189709
1.0036310113938907
1.0219958283732744
1.0672454597636682
1.11915185291753
1.140189700809759
1.14203070236282
1.1422562046080569
1.1475403567909526
1.1937343330813972
1.2035249637429528
1.2938579452576464
1.303042799105869
1.306087686797139
1.3062800864608057
1.3095231442565982
1.3338894412506122
1.345747627314151
1.346273902930354
1.3532672567502209
1.3826587326200803
1.3879263772372195
1.3909736369867378
1.412393482702298
1.4282910027782534
1.4293613806808088
1.4358898564705558
1.4504412327367668
1.4586478864961294
1.4690809701898377
1.4729156414552733
1.5047396418687793
1.5341544029642158
1.5591710457423886
1.631219146170558
1.6393871754879337
1.6559473327275747
1.6870818041619788
1.730079560105045
1.752017535545968
1.804542238889982
1.9184774637162199
2.0008739326227687
2.0084635208240944
2.012732504063437
2.0306667453150684
2.0417848548162296
2.0605285361728067
2.1140060818942734
2.1162725999932785
2.150352570089415
2.1580684121111355
2.1815208686454324
2.198828255306174
2.2407718647835697
2.24930716097309
2.285107513634615
2.299816736696237
2.3485428602631107
2.354521613680122
2.3554343543568215
2.403680329701311
2.43044834669059
2.4452402128340527
2.4525851714375695
2.4730330108327543
2.473248589697719
2.4772079400032356
2.5118420378046036
2.5287040768771574
2.5962502587164797
2.59679101744367
2.621103671203275
2.621410714504242
2.6255728327743784
2.6321260631633505
2.6452728113837187
2.6576936068991506
2.698400291388054
2.702752466696098
2.7597093457966695
2.7627767928323004
2.772510907832384
2.776940703910039
2.8388640025710132
2.8483171762082033
2.860898218196324
2.8807498368655313
2.8936813297750894
2.921832204875824
2.9291760440557244
2.9645313674426363
2.9852563231291382
2.9858594179267417
3.0024103558748347
3.002588671073802
3.00674015260452
3.0090701163116105
3.01686374968477
3.0462369394941744
3.055511290392234
3.0873108728074934
3.202138295657914
3.2122837070686927
3.213205941955807
3.2163555632874674
3.226764087972546
3.23114871407817
3.2345727100989796
3.2530439054557867
3.262293986056238
3.2878029889473233
3.2920218094369105
3.3084894020281945
3.315766193435735
3.343668728711517
3.3463656472644026
3.427367484557678
3.4317494658145744
3.4319140392119483
3.4698755424375545
3.4800937901903612
3.480141301650419
3.503776941216554
3.5201108650749884
3.5505496970931842
3.5591032564764102
3.562389817244921
3.5687021896088353
3.579066881558786
3.5815189169837396
3.5859693220717626
3.5901363464225646
3.6031413379744057
3.651196285087556
3.6854759105371047
3.730720218869985
3.7589287299876055
3.759688384885478
3.7688898853296546
3.8034264674318417
3.8338131858232174
3.83390227445454
3.846008210799054
3.8531625750421004
3.862086425384688
3.8892328939722383
3.898021841550883
3.9798213952731754
3.9815934129463546
3.9920818648772958
4.00262024246268
4.011779210389438
4.016917071667745
4.1006306505636
4.126460488352845
4.13809824926146
4.171781535807231
4.198862934691892
4.222132394944199
4.244582886476371
4.293816920211082
4.306642769972206
4.309692054374903
4.3195525069779555
4.32127575139366
4.377182926207787
4.404897392171034
4.409370327113238
4.41652290972571
4.4385967270104905
4.450481940771091
4.482393810171133
4.495827177384076
4.4966754593474985
4.520173755467196
4.522724595681783
4.5246724763720785
4.529265270316255
4.543044195193643
4.548487719329323
4.558986076789022
4.621051146900847
4.646322123723357
4.746654730311581
4.770837171715109
4.807529213296021
4.86719740979904
4.885879899095658
4.911944489434509
4.917588021289432
4.962250120113316
4.9707468318656405
4.991359719115424
