-0.02183165044053892
-0.0592478657166986
0.08388002899072222
0.10203386673820436
0.10822876387950076
-0.1287643909691647
0.13853840647926274
-0.1411461910395746
-0.15613616325894242
-0.17044056368810923
-0.19690729718479827
0.20261000150332498
0.20925681545814356
0.20974920998037727
0.21642347695754127
-0.21694587378606944
0.22813259765168525
0.2369077228270149
-0.24309036665492179
-0.25786643957296573
-0.2731503487403957
-0.2745852593551299
-0.2930324352624232
0.29385734833572896
0.29773354376237804
0.2991375804252132
0.3049192811896464
-0.3096564808723745
0.3175683609693647
0.4162239436852244
0.4334742616027625
-0.4436103985949065
0.4512022871931223
0.45304222750970413
0.47101396220750535
0.4744144699319994
0.47547956089309373
0.47980469770903
-0.49704491791809247
0.5023870705088973
0.5063921208446764
0.5093154444964381
0.520291032410245
0.5249555423003349
-0.5291618529119522
0.5423611384169778
-0.5439007809731424
0.5461314345132773
-0.551094765401672
-0.5581266467506967
-0.5589609757665392
0.5783278050095688
0.5812956205149344
-0.5825838448435994
0.5938246374141252
-0.6040857301057407
0.6242374971879789
-0.6340787086786297
-0.6386993410758586
0.6506146087077276
-0.6515564428259275
-0.6843929354144889
-0.6877748117184952
0.6962066994678782
0.7007913572091868
-0.7009390992447528
0.7095753912416585
-0.7195886877089057
0.7212686024593395
0.7224891881278133
0.735925930407777
0.7448538914910001
-0.7577451809059086
-0.7775665793257198
-0.8050621852105018
0.8138579463819802
0.8149733233978607
0.8183109459627265
0.8318804745318125
0.852152376444973
-0.8606427359170072
-0.86229200265953
-0.8634830089037631
-0.8691291020564231
0.8696112788936796
-0.8697854047985849
-0.871761635477105
-0.8753521514703506
0.9434778171045859
0.9499513729439066
-0.9605294743173958
-0.9827333545313508
0.9893639585579372
-0.9954827065459004
1.0149684656854445
1.0186301582090729
1.0324853527924116
1.0325452672051787
1.0383487708840828
1.0515347786297253
1.0621064044758057
1.0778461535064476
1.0863809626214365
1.0883306609933268
1.12330753871408
1.1292042811195033
1.1730975340542713
1.1788727970239594
1.182312526328114
1.19246967345536
1.239011530052152
1.2447840427242536
1.2472000061634967
1.2489937922529744
1.2606822707121914
1.2668143725503036
1.2737647810388877
1.2972553770440984
1.299231173349567
1.3122692200446018
1.355176042955447
1.3616410572973061
1.400613506646442
1.4094955251625043
1.4163178796322473
1.4548048623348335
1.4736380706225054
1.5026623850518592
1.5069665138028707
1.5144009403000993
1.5397030521334276
1.5434673962313274
1.5769279664281761
1.5775617806864206
1.6009021549431468
1.6229070540894068
1.6369214460721255
1.6399132147955093
1.6685356515474248
1.6870591705230567
1.7123857722316647
1.7159165796910818
1.7728714352164632
1.7764062477215825
1.7885643239032918
1.7963268095230513
1.8061399355643748
1.8276337722950569
1.8530460689619686
1.8659054146936844
1.8764747386490686
1.8910287649255895
1.9280755324798426
1.968692149169831
1.9717185747804602
2.035646319768251
2.0436566149831927
2.049316843133314
2.0600784204203175
2.062139594606899
2.091913181026218
2.109882527062938
2.120258286423685
2.1568634134840314
2.205744928953666
2.2163837628794436
2.2193345995585694
2.2202640457620717
2.247491743158829
2.249956524926609
2.2557138524842406
2.2581918542870647
2.2817866280271373
2.283134721913967
2.299231215580561
2.3180729235257895
2.324459545541359
2.3521994468666785
2.3571907460106267
2.361894538144294
2.4288031692958194
2.4465738915891437
2.496724061292812
2.49803811952368
2.511887853918722
2.52644107653841
2.5464901856918916
2.557717195648019
2.6182531200510963
2.6187727958525135
2.628596781999671
2.708985280025968
2.7267059228447246
2.7320804897538333
2.7361789995637356
2.7960752362743584
2.7972169630375676
2.802726273268939
2.835804985588968
2.8405156724797624
2.854625159120397
2.88605373595156
2.912235209844705
2.937952548451466
2.9396335772964703
2.9655106795267203
2.9667117789110247
2.9761695306729408
2.9846099687345706
2.9849627996088612
2.9875705509919275
2.9995085276101516
3.0044377360174925
3.0118948839245325
3.0292212189410774
3.029412687244598
3.076274797540499
3.1267869298398923
3.1806907940091307
3.1897708273027936
3.203607208610057
3.2049446686723098
3.2406860365981958
3.2664344835937786
3.297050209678808
3.2972034660916396
3.365950854729329
3.3775165710230057
3.3820239380356387
3.39677679688314
3.4096833701987332
3.4217694950678075
3.4261395142667253
3.442318274180809
3.4720067629244253
3.502262969926666
3.519663420160869
3.567327853420635
3.5825189924917584
3.6019669459887265
3.6026573344588595
3.60361503034456
3.635130265618221
3.6995982716422073
3.7066664063873205
3.7197035712512765
3.733912667062582
3.7378555117221435
3.787579213956997
3.7889216296227755
3.8069025452635383
3.8126862899315785
3.813817112476656
3.816819695572139
3.8480661125489197
3.912324141282099
3.9330744489239944
3.934922245999159
3.9487805618025984
3.9731733259679523
3.9887069790846006
4.016671882055591
4.0853479391658025
4.0920545851121695
4.219505472309232
4.223886478199159
4.22448296426336
4.2504115429934
4.315131931493192
4.374019065400448
4.393267246706959
4.442462987894224
4.486204051884744
4.490534721440461
4.491212273428933
4.498133637075843
4.506434865463671
4.519740449848433
4.554765763740204
4.563155635188862
4.606892163390331
4.6196770272656575
4.664886697582706
4.69146051295391
4.695272563536452
4.709239256378291
4.71051777088358
4.757267705798878
4.780842795054782
4.810199290018805
4.8235977216486
4.836237470285357
4.857402063980573
4.896459941045137
4.9260653399472005
4.926701028739341
4.934373162900934
4.952536941234196
4.98671025935298
