0.021921026745950423
-0.04260309873251411
0.08706548151056803
-0.11105814470783248
0.11840452544376845
0.13788265950359047
-0.14281469881807052
0.15014462119678806
0.15067559377660356
-0.15684649667903128
0.17339749959194672
0.17924622965131842
-0.1896285206445607
0.19225723568401287
0.1988375326333971
0.20228129551139218
-0.21140250580850828
0.21256413736417668
-0.24709645390618773
0.2519416435255619
0.26213431783505525
-0.2670120900699946
-0.30426892604947864
0.31568331431875896
-0.32415383284245625
0.32833874629068616
-0.3330130271370413
0.33618970797775827
-0.3407233204354754
-0.34587486567682935
-0.3558304022267138
-0.35804415663962685
-0.37209879935690027
-0.37959945197006295
-0.38429415567950964
0.3872097539831736
0.393047741391765
0.39604679901566353
-0.39832054060981403
-0.40890803416110355
0.4319438785094021
-0.4327875902216416
-0.44100706668231693
0.4506361243676027
0.454188480195614
-0.45784580839388056
0.4651120829449724
-0.4663726377893662
0.4675760029501963
-0.4780708890245753
-0.4795130821076339
-0.4864394591422283
0.4921328119323034
0.5255452246422863
0.5374613594246491
-0.5436486080347835
-0.5642218872359963
0.5658227764694059
-0.5672819907455353
-0.5675885256996531
-0.5709773699374607
-0.5764156164873939
-0.5862384964310405
0.5940612440809077
0.5969772396967319
0.6186149180712233
0.6210224812358962
-0.6217323912080801
0.6226174202232098
-0.6279455312151432
0.6990006362833814
0.704833896415282
-0.7320720802769214
-0.7356616565653904
-0.7438675839919957
-0.7527276024925029
-0.7549105553023179
-0.7673446438276224
-0.7901998386954268
0.8107100921174348
-0.8107649796338485
0.8174580440028711
0.8414030439401057
-0.8449269523792549
-0.8949134095992306
-0.9020518940686211
0.9386766729138663
-0.9435897739889183
0.943968680817876
0.944695786384236
0.9498801860164592
0.983452221074075
0.9847762580609511
-0.9957854066358467
1.01253418394837
1.0252096277040312
1.15469276303586
1.2160334848443233
1.2185597630497065
1.239390152313054
1.2680678591291903
1.283099579822006
1.3155289881961565
1.3302279354619904
1.338173547784173
1.3392976781025285
1.3799795852330856
1.3907851761795218
1.3934604514650175
1.400729893236094
1.4074349002114905
1.4315123132775782
1.438378420527822
1.4783283162630907
1.495433005495875
1.5031827573067273
1.5161415086004286
1.5167283324440097
1.6119725136136744
1.6217538250635073
1.7181887807729503
1.7521083752949247
1.8537370616250657
1.8585097108715383
1.8599245307229122
1.8853453980164296
1.9108168690083343
1.9183036443637684
1.9345577521827653
1.9410023104335017
1.9529542282964867
1.9671117634571802
1.9886897868955256
2.0200896931151178
2.0315632898100944
2.0610992462324207
2.1057833325899282
2.1240538438605654
2.159153661770978
2.1764913979602794
2.18550175880572
2.190831719865051
2.240670050798482
2.250039110093212
2.2600756789415675
2.26429174097267
2.275450631953764
2.2806079611785925
2.3026298553776834
2.307524998251016
2.3117774553165935
2.3267806312105876
2.3485244027282044
2.3717167051190398
2.375747460180878
2.3807326377075357
2.3914039812264187
2.4144338945660295
2.4192070045078378
2.444100620151466
2.4447707987561973
2.4925965017314784
2.4954394358521315
2.545061356097916
2.54559401972556
2.5504152976223695
2.579515916157558
2.619534038982289
2.632578289197814
2.6397384694056085
2.639816189681762
2.642782688182076
2.6460327501345473
2.649712888108628
2.6752924753406613
2.7050399875211015
2.715329105365967
2.7379646243667293
2.7428178749018954
2.74698910339185
2.7485095338625296
2.7499712986193368
2.7936536392400035
2.805964088382411
2.8241403144132615
2.843746644231354
2.8496936188273656
2.8498910184110473
2.8539878085707304
2.872669707699262
2.8737781242205864
2.8748737227428256
2.913196028562398
2.9155516189740083
2.9595801953409
2.973462272658243
3.001938257511606
3.0149090581752267
3.0234682878007577
3.030250983966905
3.057974977558171
3.0703709369257064
3.076745939223957
3.0972536216162148
3.0986054602405337
3.1548633924534943
3.190706712009767
3.192409038284837
3.211507229710449
3.2637568875858314
3.358076737163321
3.371144693199316
3.391682276239898
3.4103731889692783
3.416792858498919
3.4196877093730897
3.434684500369759
3.439165835888252
3.4446846376121467
3.455743342093405
3.5226671477314877
3.5242569276982296
3.5532006965174734
3.56331027812877
3.599093455884514
3.6324038870601347
3.649376889273481
3.6632031119261974
3.665918940343545
3.671438480507362
3.726561757633479
3.7395334356098635
3.767314499691718
3.7785225624750876
3.8177232332603728
3.8185672676153715
3.8186008634969566
3.875856271487537
3.8868819064222633
3.8935438730246394
3.9492657258151684
4.0042085046575675
4.0199682430517205
4.054057064526711
4.063531808256229
4.0753943639141035
4.105499492761315
4.142392084144305
4.155720050436278
4.170825543963629
4.17271714633694
4.199320778513147
4.208431279896914
4.212478756402355
4.213616429846921
4.2332590097847955
4.272370065252369
4.286715190334247
4.3086958747444335
4.3192664882833425
4.326495711148302
4.330483430350505
4.363829289443645
4.363877142664502
4.375402679145253
4.387476357300429
4.396533611320242
4.420291004765258
4.445691499224114
4.44782059622072
4.47407838386745
4.491299139512547
4.511245110514223
4.512107450605914
4.545382206471827
4.565280775617667
4.590363027175019
4.642815426907978
4.65792382854505
4.677974076791434
4.712541232444116
4.72043405930246
4.728869344517708
4.732592718977822
4.767821216263346
4.779927460882836
4.779971549012355
4.849001158341395
4.862133510755282
4.862995207039486
4.88240895724707
4.886410465112232
4.906846052457766
4.912330525286709
4.914574443440442
4.9619181179559
4.964616768552631
4.974848053703216
4.9933601285612506
