0.0033948598090671744
0.006705531360055028
0.009130369913601388
0.02720889378782365
-0.028773697981142154
-0.039163977302437036
0.039960295594142936
-0.04785548010928231
0.08616787342858778
0.09630888366232826
-0.11209936656940456
-0.11623532134633918
0.11643880734190026
0.11788913953483826
-0.12750921501531298
0.12980134183749392
-0.1365917865011228
-0.1415527581701812
-0.14653246402238174
-0.14944080087664635
0.1518651259421122
0.15881237936705772
-0.1627483973629742
0.1701519001309666
-0.17681504967928285
-0.21487851761895183
-0.215399572479257
-0.23392887583223643
0.2758046328777728
0.2769809147586493
0.2944706603291791
0.2959669927750139
0.31480483809992243
-0.32604072897419023
-0.3296268550129773
0.33286391767703627
0.3445659109676922
0.35812832514742454
0.36164528829570486
0.3858953975950081
0.38664099727414336
-0.3966711250675954
-0.41979711680758314
-0.4202256643473872
0.4237456462519853
0.4288578543026891
-0.4390386325754638
-0.46440381411463516
0.4679391664977399
0.48879629905333744
0.4899076155723119
0.4918732329256339
-0.4970615446654947
-0.5125339555344786
-0.5226045592592674
0.585642550836289
-0.587348740596429
0.589427666105077
0.6004383101253357
-0.6012642979613998
0.6036933037639796
0.6051299368938696
0.6075865884801368
0.6131333465433828
0.6200022866658601
0.6354005346688383
0.6376869897832496
0.6490599332738987
-0.6557088357079786
0.6580159636053295
0.6803571683665688
-0.6868371830838684
-0.6898240817899743
-0.691769180430291
-0.7068211369432773
0.7086986213430198
0.7102475803325594
0.7147849572302898
0.7158972178407406
-0.7206206479727977
0.723969774600979
0.7257737712035217
0.7316932012880264
0.732503416812488
-0.7382119740874251
0.7464296483946875
0.7581925819504896
-0.7779123354519277
0.7846572209949476
0.7852201675733672
0.8184993016433377
-0.8233230190809948
-0.8253618904675282
0.830649170064351
-0.8425539255052326
-0.8596174168682191
0.8805116447052501
-0.8915691971489135
-0.9002911508796365
-0.9126813026469931
0.9134855752388436
-0.9144880843803058
0.920259475711616
0.9327920018625833
-0.9329530895333888
0.9390214186837762
-0.9638384066647425
0.9791013223175999
0.9831862906501507
-0.9860985148952277
0.9954279098318897
1.0287694805882497
1.122536352824505
1.1863119884739932
1.2262174861661004
1.2310552002581292
1.2712455235820306
1.27151603515108
1.2828943881165662
1.2845400758275947
1.3123113770792276
1.3629719686000317
1.3881447461282668
1.408183118017896
1.4198115755666718
1.552833531763664
1.559898114141574
1.620560521476618
1.6256566009897484
1.6258317426579803
1.644191247912394
1.676359001901166
1.6843269308164706
1.712899775804987
1.719393323400313
1.7362206177654063
1.7869802457590396
1.8000094769509687
1.8598802090364916
1.8739572583593622
1.8837746759977496
1.9189918527562693
1.970685469414427
1.97516927190788
1.9789370360416565
1.9872611164825038
2.008119216771566
2.0182826572451615
2.020242144566525
2.032701563148959
2.0388259607551236
2.0774456063609215
2.134892539777494
2.1447212170179313
2.156988479439709
2.1596311140928934
2.167307905650471
2.1681576052318823
2.2262885377783905
2.2593400800059458
2.2610742935485053
2.2733993019556973
2.2765356245254136
2.2812342831816457
2.281294500518678
2.283513130350439
2.3017173236265434
2.3184059762196747
2.3235946176425046
2.330510977041791
2.384953317581819
2.4071717945452913
2.418656765721083
2.422243894475214
2.429449587713043
2.4365797096112694
2.4482453637838653
2.486750884062257
2.5549828798764453
2.5732370811834127
2.624147161875746
2.6247722588498696
2.6473536931676414
2.678041403596694
2.7590297730443356
2.7995025819398167
2.8262404133644097
2.8298866677912082
2.8350662931819492
2.8502485313579298
2.8557621218802476
2.855868626255253
2.858509121657476
2.8707145409706376
2.9777628484708445
3.0094905078195726
3.019900339358041
3.0417182303717434
3.0955936903283465
3.1088058867657553
3.1464688002166703
3.1479385346402857
3.184175854274053
3.187717891143003
3.187796590603085
3.196705336021056
3.2228399398165415
3.2394497493970835
3.3070740123447173
3.3178207312039545
3.3709522423337948
3.4052240957804845
3.41491471784217
3.4352048688535
3.436552919311442
3.463876439568292
3.4647373544832396
3.4885722722996766
3.5030204884040206
3.53654641637336
3.567774970336351
3.573448450012533
3.5775127306305423
3.6066432220475635
3.638208702687436
3.664107790424983
3.6792893235960484
3.688379626774756
3.696663006714524
3.7218386096356015
3.7297915334860523
3.7627999688246314
3.7970523761736557
3.79757262615506
3.798826937515492
3.801920427750602
3.8032697299009923
3.8071505848997393
3.834019841583249
3.8364417655285443
3.840491557076204
3.857408927377981
3.8592946654667877
3.8851312542141834
3.9126641396286077
3.9619705919969848
3.978003690485357
3.9794913670781025
4.0666166982543706
4.093291287910909
4.097242817247387
4.129562483814167
4.141413688421431
4.149879932463838
4.161775028327418
4.167924487674497
4.2193268150981424
4.224012716649185
4.237851966227341
4.240570253955705
4.244493909594073
4.252942373422612
4.279900343364268
4.313610318155202
4.348568872549113
4.354072823723161
4.371540281669617
4.420390992656446
4.432642677616741
4.437070695521951
4.442668089684506
4.464342028889426
4.501002000586716
4.558232604853278
4.6063956754504725
4.616634903115648
4.651464032841626
4.662920179312701
4.664331117227803
4.7043695700470884
4.704524680431453
4.718887620678918
4.734043021666709
4.746856821445009
4.804432286334384
4.808341761209228
4.874740993048661
4.880319190160459
4.8953540756835245
4.896898788558027
4.90041112430231
4.921489419785806
4.944382266563776
4.955404839121144
4.958091645056657
4.9604872050320425
4.965483060049836
4.9695409725510755
4.977941646440285
