-0.007943495540936985
0.028376662255893415
-0.03210679081428158
0.03576830414253451
-0.040585592121691993
-0.04412596176873018
0.047040704772064235
0.06829527086894616
0.07657404443563687
0.08064639590054301
-0.09035698667679437
-0.11162570612190836
-0.12357862587178525
-0.1236971214414444
0.15327730456254285
-0.16251964703704158
-0.17169516953828534
-0.18100241278684526
-0.20241322625578917
0.21747930029799734
-0.22640677483991367
-0.22914547989831102
0.2682826498414017
0.27469063539530114
0.2953947125426253
-0.3022832654577936
-0.3052502152076646
0.31166781873892546
-0.31707625631367753
-0.32385749336756464
0.32636579622913287
0.3316242651238481
-0.349543688755527
-0.3505543582677446
-0.35950671029536263
0.3701030138718937
0.3772160647192071
-0.38853207414180324
0.4005770757114768
0.43803528790505153
-0.4382760634737002
-0.439881352731579
-0.44906191467662504
0.451879840403687
0.49385821440857836
-0.5023372897670138
-0.5026212879803806
-0.5071104141033627
0.5105107374059186
0.5182354516170793
-0.5231382435189449
0.5434894008941102
-0.5442906556325384
-0.5471095993680197
0.5471684563320498
-0.5814300149428007
0.5833852109307736
-0.5905509641492246
0.6031557779767833
-0.604255178642285
-0.6095815813710384
-0.635238874041506
0.6438215982992912
0.6752553702719355
-0.6989287013688927
-0.7078646728974343
-0.7123105878035556
-0.7329207804743534
-0.7391318969991307
0.7420087818315713
0.7420999724892343
-0.7518194773976634
0.7536349669539757
0.7595882391984561
-0.7625383552622271
0.7625397033237304
-0.7637003497537953
0.7668778427708198
0.7690861178726394
0.7692403085452253
0.7765168764732917
0.7781884088805724
-0.7937276699371749
0.808142903251269
0.8279035514410051
-0.8324704447269695
-0.8350695221168096
0.8460091230529103
0.8469437147676808
0.863591716714613
-0.8637060605201548
0.8854117676873094
0.8887137351175511
-0.8916230646078143
-0.8952193169634637
-0.901893819564991
-0.9090852226237667
-0.9176850452003178
0.9249025355515599
-0.9255025626779141
-0.9370766679596412
-0.9616612825220592
0.9617834809580108
0.9760599577587481
1.000392823101122
1.0307113342943812
1.0403207741564247
1.0463629561791143
1.0595604161983032
1.1201442991708839
1.1521135888351024
1.1821221963709334
1.1826592455722231
1.2159433725133226
1.2276119460241075
1.2526648020068296
1.3064890675922909
1.3379420285975998
1.3791206043240072
1.3823219310905568
1.3927418953916635
1.4048640495159859
1.414034423824421
1.4609747318212074
1.4917291968431794
1.5085559680059912
1.5135775113314685
1.5274078342102264
1.5344152218998839
1.5504861713537652
1.5634863045073075
1.5715285037772797
1.5884871248256536
1.5904134256241331
1.593695232715791
1.6077571918416655
1.6273983592407788
1.6594821595763558
1.6883272381726488
1.6980633354065686
1.7325840975144793
1.732877026344192
1.7844394226181812
1.8820285714068228
1.8990740545169134
1.946337652655476
1.9655968243302966
1.9810905796755969
1.9814699133445455
2.003035215501737
2.0086161038924866
2.0383550576868403
2.04808400886003
2.048895758186813
2.0495074810741283
2.0600349397052886
2.0820173968779097
2.084990885221437
2.085248554291894
2.0882289382839354
2.101255659682456
2.151628484686272
2.163424100239511
2.1729456632260873
2.195716019317349
2.202708215604069
2.2032426979643027
2.211983812324811
2.232777410394349
2.278940341649776
2.3447305215172323
2.3807659868534046
2.401658132262907
2.4390760238145566
2.440096237668194
2.4906512585649505
2.5116540481912777
2.5315419175321208
2.5325668902585985
2.5426914466291164
2.608129264773808
2.6213796219515073
2.64853891318128
2.6873607630560783
2.740516890844966
2.7825586696092746
2.78365420626798
2.799534544478124
2.8139756137005074
2.8396049219642885
2.8955374317626905
2.899558278350047
2.924346225226154
2.9271728828578714
2.9411053801254394
3.011246793286615
3.0171903424605535
3.026411980593875
3.03651418495272
3.0646960128083762
3.104087686571252
3.1340655036289036
3.1666453311493914
3.20286804812703
3.2044444217672066
3.2282750256103983
3.2575816596787233
3.367078500155479
3.3923603208982964
3.3974594509246483
3.4081523706382946
3.4164899961190107
3.4514191324931796
3.4847999666435294
3.499575656249026
3.502203467577484
3.5244294270635903
3.5245718198484273
3.5279641023155746
3.5603187155963694
3.575125618921776
3.5925762688053826
3.6331070806258907
3.641526361205665
3.642769274028053
3.686067471035166
3.689498523892575
3.6911712452464744
3.7145283777360003
3.7268478178596727
3.7529473009044745
3.8199708368316365
3.8454736818105353
3.8868743246619166
3.9149640950738727
3.9458594419995734
3.997469698391475
4.007088639015495
4.021084002648975
4.044131971926338
4.045871591290265
4.050606547454752
4.051950448721817
4.0619602827378545
4.07316931210046
4.095422024906908
4.120300445563191
4.129321241061485
4.190510602919551
4.228474224612851
4.264218824832557
4.276035060985647
4.277225088977497
4.287296850554085
4.293471026631606
4.318903638045577
4.32371217696938
4.3347808664439
4.3526575477050296
4.377309883067699
4.389532714597487
4.435679997796617
4.4373305225944835
4.4613660103160075
4.4698954493395995
4.482867026079526
4.48548501586414
4.5035338473345
4.5137778509232716
4.521176779289913
4.523598121874282
4.538982882042985
4.565634867374782
4.575262428911023
4.63801145632085
4.646952662616677
4.722978577685815
4.728376243202721
4.753438432398562
4.766900339769171
4.797738763950725
4.811325938379822
4.814679940932854
4.8151370023785525
4.825373597392767
4.826566519279714
4.8374614085500705
4.843899927701252
4.8523584469407
4.872972629481779
4.889125197253246
4.901831780940716
4.905201811471921
4.941158335389995
4.941165534130512
4.950113030729528
4.954379972239177
4.96010051014304
4.972109015193135
