0.005391663671061364
-0.005398227231212527
0.034079672320524335
0.046118570623201904
0.06136266366971621
-0.06175824823743015
-0.08458441233238823
-0.0850006091966986
0.10311948418026029
-0.10832624546840353
0.11515053242332751
0.11933179534240357
0.11950194176693185
0.11988429162152459
-0.12564589140461746
-0.1259772194117419
-0.13272703499141514
0.13555538323962057
0.13844178129286733
-0.16214365913365003
-0.16401461583807397
0.19330751355913933
0.20380277794982615
-0.2075285586863358
-0.20762926347983668
0.21438705701993577
-0.21554383918773645
-0.22477148306264794
0.2320616599299994
0.2397138409903039
-0.2429287378855054
-0.2593705027731945
0.26601503401189186
0.27588193660308313
-0.279891022953749
0.28211168504593287
-0.2875997336784091
0.30130979770010513
0.30503073961730776
-0.3181833388094446
0.3271549730166019
-0.32913730048945444
0.3375861678990506
-0.34150785709715814
0.34316101265922283
-0.34621007950846394
0.3744095064576842
-0.3867802256769626
-0.3938607584919085
-0.40182564046143465
0.418621876984381
0.43513466563828773
0.46059936086886566
-0.4876496137727353
-0.513036908020267
-0.518338894892747
0.5227481843145665
-0.5230701394832133
-0.5258569571866887
0.5293905031179993
-0.5320519410169291
0.5396844626092203
-0.5590602567725662
-0.5666373716150064
-0.5684796777819492
0.5983252003646535
0.6136634696622074
0.6515413460275177
-0.661945997709418
0.665995792882424
0.6717328054849969
-0.6749425092188301
0.6879855623085436
-0.6929537123804819
-0.7220943552176251
0.7269010728657985
0.7272013138891231
0.7490009617123643
0.7535385646502812
0.7713523674988707
0.7716476658769555
0.777357184087939
-0.7792677114275872
-0.7841803503001645
0.7843952204721565
0.7867250893105562
-0.790407638529917
0.7923937871968398
-0.792785116245516
0.8148847208369265
0.8455791160466652
-0.8465797638451384
0.8486754019339482
-0.8856081908945126
0.893694778020655
0.8995680587765957
0.9258012695694553
0.932140487008257
-0.9384558711242412
-0.9394057769503728
-0.957689095174121
0.9641105740794702
-0.9706502561800474
0.9717732999578421
0.9845915074156661
-0.9929288384840829
1.0258715951170752
1.0309517739509086
1.0720002493709533
1.0824791271699468
1.095835005265629
1.0986003265965305
1.1140305686536394
1.1221551184617287
1.1518210850775588
1.167776280205839
1.1812551923901529
1.1906827945823473
1.2096631026061733
1.2257333474778935
1.2601973474473365
1.2798118826698301
1.282572058979384
1.2968729314075893
1.2990091696021229
1.3195342231744878
1.3234564959362252
1.3358301801005616
1.3462516993925977
1.442246939175571
1.4998803876071056
1.5084961928100658
1.5114281009439403
1.5122697656387278
1.5500609509922807
1.6097590203352166
1.6342916668718361
1.6898757509782216
1.6979473190398275
1.701664327246644
1.7072761080264938
1.7268334539562096
1.7434481112178188
1.7707550431155448
1.7798283533150396
1.7865996517163922
1.820489683447522
1.8397076139380997
1.8414913454548802
1.8463745623012917
1.8608227313885513
1.8865227951488448
1.8916200815980382
1.926795828185158
1.9465665575181208
1.9469448710132302
1.9821272783490222
1.9848476106608297
2.0172299452738547
2.0291921630547645
2.0795201049409684
2.098954786841553
2.156799878271088
2.158014566704837
2.166224383447118
2.1886699583891236
2.1922451221845423
2.1970096199778704
2.2088234032068605
2.22409346758195
2.2471045058277683
2.2853737948123385
2.3099386868568796
2.344652197751813
2.347674778590827
2.3557991372428844
2.390375686899455
2.4088114939999583
2.415140545708936
2.4481891876645827
2.4744241601299546
2.484814569950278
2.5186396550440513
2.526371976446187
2.5577183231033214
2.567029170354603
2.6002541576741045
2.6298295944881263
2.6380562788089907
2.643255251371345
2.666504539097008
2.6834507518720185
2.696218482439073
2.722144142979754
2.73616945647883
2.7557542677373625
2.8025856166657133
2.831715641952558
2.852870939369526
2.8827664657109664
2.909419772092776
2.910590520663789
2.939793857079157
2.950817882688794
2.9667965609981692
2.9801508434225283
3.007294301548371
3.01008822370659
3.02366459328044
3.0272112573039536
3.0720287384042306
3.0873276835157064
3.125544793215629
3.1539680142194335
3.1859766289541813
3.2185386638831472
3.22534598908008
3.2294514808663735
3.287524429257992
3.2886755302663957
3.3604654843156094
3.4021986841266756
3.4313113212528714
3.440932508206739
3.458009765418372
3.490169174282175
3.4984371326174966
3.506917273451001
3.509347576728678
3.557162982729796
3.574510628866098
3.577458990705056
3.580909950191418
3.6333323631487415
3.701321893344307
3.71145117475816
3.750250181637118
3.816483256946044
3.8346076579152646
3.86615413300453
3.8723546400132687
3.872430086532482
3.8795186446970984
3.955818528895234
3.9726885211371767
3.9840751003010704
3.986883469107876
4.025740214058558
4.029293013077466
4.0573501242680114
4.062383133808966
4.0654700233043926
4.085095206927865
4.085414025172184
4.092434588194962
4.115044654029753
4.124762045713002
4.156904071205229
4.165260420080067
4.177102308369044
4.196021886073284
4.200060612187224
4.221937023093661
4.270067487751618
4.270379750405973
4.278625494248444
4.310930826242471
4.345972667349971
4.348116778216554
4.350987859097495
4.3555192017942765
4.364784126130095
4.459354399917922
4.478468191724547
4.504859076989399
4.521675391907285
4.523773569937866
4.5827380162742415
4.61222755047038
4.612779312272231
4.6224503933991254
4.627602588511525
4.633280178847958
4.664034113933894
4.6702613826849015
4.673920161726091
4.690813269469616
4.712003298901305
4.735830877429182
4.74098608438759
4.7902538071165415
4.814095885081794
4.851593660126905
4.860621634557284
4.871998900919014
4.8917166235906135
4.912494391764174
4.924713454714057
4.9879049434545415
