0.003193118263901118
-0.01653287477655807
0.017846267771878255
-0.029311786955867003
-0.03214467378847852
0.0368641355728343
-0.044224885741967146
0.05634755290992399
-0.08649017974325623
-0.0984200856250046
-0.11442898622443565
-0.14415457293776712
0.15546576041986016
0.16691199172082638
-0.17414897482969738
-0.17689221104441089
0.18890238894674471
0.19795907542949087
-0.20469463509116115
-0.24293778025761648
-0.25540600849898176
0.2682254668073525
-0.27398919331701554
0.27694890179073806
0.28603954194027703
0.29505044633525634
0.3004442283838007
0.30159959552304594
-0.328604507530746
-0.3295066425083719
-0.34020650435119304
-0.3479717775155551
0.3489851144474707
0.349187560988637
0.3540580001842062
0.3551603473439626
0.3765613761223061
0.3789097680522491
0.3935390174480895
0.4006907713250427
-0.40442183872390824
-0.41059045351073853
0.42233131669656254
0.42387987857706455
0.4266892319440352
-0.431129690166556
0.43687423766347755
0.4564432516876429
-0.47342486161731223
0.48236777873475734
-0.4842371946203652
-0.49505703684420266
0.5024897676840712
-0.530850352999577
0.5347116369236542
-0.5399227900287582
-0.5411425755334807
-0.5460137038014377
0.5542761236296745
-0.5572356778483425
0.5577212894345343
-0.5594065755139399
0.5690185507776271
-0.5705530145701638
0.6055675200270338
-0.6318986958190067
-0.6333906634831994
0.6380017992203075
-0.6601115862235314
-0.6883574707034039
-0.6981173709769948
0.6985086679960077
0.6992585562797444
-0.711192061111398
0.7142026343865793
0.7149379611316384
0.7262137920779834
-0.7471055916817655
0.750659381161008
-0.754603133133563
-0.7657716210241385
0.773365820533285
0.7843433200931713
0.7862896157525399
0.7913863789496656
-0.7948987820308937
0.8278574003059576
-0.847149191051976
-0.8525812692794597
-0.8543123413992293
0.8599830134205819
-0.874198082169279
-0.8858588807573891
-0.8861821551849409
0.8894279491315935
-0.910392005572815
0.910997796077704
-0.9140096266025839
-0.9141692314577261
-0.9247552618363826
0.9340116333569319
-0.9370672699320217
0.9422929964626006
0.9588272563911748
-0.9623911002630074
0.9951633146264385
0.9953741304809278
1.009232384395217
1.0280570461500664
1.0653976398746696
1.0877352709854669
1.1127051699808872
1.1404665328275128
1.1493351496470412
1.1540334543076574
1.197237841662961
1.2054165602183669
1.2306611602274442
1.2429806410874638
1.2572047308822345
1.2586992183975978
1.25892565777874
1.2931777757821203
1.3337423072547656
1.3364901258145983
1.3496905388471463
1.353558864899195
1.3682430946001154
1.3995715643091189
1.4040897172922149
1.410559292533753
1.434220226592287
1.44467440670594
1.466839245382424
1.5157544051579652
1.535881882485885
1.5499508578083243
1.557062337556407
1.6083498565646073
1.6118880379838094
1.6213069128889837
1.6237328185805446
1.661816692639655
1.6850406672103446
1.71628493096883
1.7506715609086445
1.7703564653330006
1.8128830565326122
1.8341631776964755
1.869679225346637
1.904404538168091
1.950473333771774
1.9724615179992178
1.991144040475164
2.006893393808429
2.0070812238368583
2.0240429970119678
2.0252545703469362
2.0332378129185806
2.082477546976821
2.086643452736735
2.1091258549691396
2.1287303481130273
2.180469521108871
2.2208661070817737
2.2325328980243793
2.3009884017217423
2.327876716067705
2.335376271668517
2.3494475915761512
2.3574939489172424
2.364577863628669
2.3680982895438376
2.3683417971778122
2.3685874906365343
2.4583901688338
2.462810764877264
2.4724432233982565
2.4735867104134845
2.480005401885161
2.4886281479289254
2.5856234590304608
2.588009600951507
2.5904037362003747
2.6450805117908107
2.7556802576678896
2.7607304982878285
2.777012196566843
2.808612231962056
2.8162533922410917
2.825764449392611
2.8405970040619697
2.8727212963333293
2.8856090748584777
2.895998032908884
2.8992678222846635
2.9190822312616103
2.9539007777814437
2.974390370887477
2.978257025543132
2.9935342384598185
2.993539526097818
2.994110456226683
3.050548827137712
3.0643673191751057
3.0731846274805203
3.1180072539951365
3.158498811190455
3.166098135189918
3.171681410643423
3.1990520588081477
3.2006193609966367
3.204514474651516
3.250031664115129
3.2683320794247033
3.2990504575364
3.3340081075637205
3.348110390985882
3.3847405267856097
3.398344734502171
3.418028627437386
3.4199552177980097
3.450971633490269
3.4849139567252454
3.509616657088504
3.5359665392306487
3.5589959723077706
3.5751834934901243
3.5911473703985175
3.640213941470952
3.641420290015205
3.647518647912806
3.6627775397396025
3.66819078757357
3.7131684923360853
3.7165147166604555
3.7191151038436656
3.735524411277055
3.7391992325389003
3.7424815021608104
3.756380525717023
3.76626703673442
3.7960379493447727
3.8528456037701693
3.864842411794056
3.9144357872897384
3.9622746901979333
3.991188399878161
3.991200596276247
4.005188940594888
4.0126744939239565
4.021444439403355
4.056084816516135
4.056664542912992
4.060991905995182
4.065242506523776
4.087799102654902
4.087863998874199
4.1074147290903715
4.111329768879027
4.13204816170153
4.167124033817032
4.206692469489017
4.2290144489919586
4.239360314196444
4.24398025189479
4.2459512736149145
4.249692271455409
4.255686230857548
4.266901761418595
4.3231255947938925
4.343127148404376
4.387381317688705
4.407384193726159
4.4284141790368565
4.428517170240896
4.436018246127359
4.465930046313731
4.4760493911983
4.477952348846229
4.481009875980714
4.505441791695284
4.527172867741396
4.547008785326306
4.582358394200285
4.597147384384313
4.612242079317028
4.621083650405834
4.6348746993382495
4.635461166976889
4.65313108844193
4.676853080632121
4.6915630890461095
4.706665335159771
4.730522478069197
4.764345399612955
4.764894699069235
4.790421078347023
4.909054339529957
