0.02007101951593171
-0.021989495092447964
-0.022063736037641446
-0.025693608765612996
0.03279085531625925
-0.03835037204140135
0.03871739580083
-0.04369572266123689
-0.11950549563921742
-0.12269786411757844
0.12750690885860028
0.1547392227489981
-0.15906843136455362
0.1938830526418729
-0.19447068676897095
0.2123831084611174
-0.21279654110816315
-0.2266716668748845
-0.22748774152526252
-0.23759684821060922
0.24018319057589532
-0.24337665534506492
-0.25185519732898
-0.2584081570217345
0.2676491515581505
-0.2692724251423133
0.29935146944583146
-0.2997573729749521
-0.3171253656743709
0.32045948483438
0.33091868759295173
0.3459867042364828
0.3638707868411404
-0.37703192097558347
-0.3776587341230524
-0.3867340727789992
0.3936980785887729
-0.41148089330813953
-0.4400816184164398
-0.4416574158822655
-0.46324799418237617
0.4719051372258525
0.4728705238091182
0.4915280884154605
0.49886271975579843
-0.5054531383971217
-0.5193159909741145
-0.5514468000953798
0.552632751920797
0.5779313713171494
-0.6020162902415955
-0.6078999334025463
0.6117051084135572
0.6343904235894353
0.6567162338380912
-0.6656602871753028
-0.6738713440994168
-0.6895752692565331
0.7037353885829696
0.7048525571714763
0.7156324152610103
-0.7388137145670941
-0.7423739817342792
0.7535735803848551
-0.756245164613893
0.7572899965559192
0.7751853473486741
0.7762467629469783
-0.7862029663655741
0.7990243184679677
-0.800063509840987
0.8049794785225044
0.8145598980289308
-0.8326269888841027
0.848647884874328
0.868420403519558
-0.8696288017165241
0.8702657586744582
0.9207395013145023
0.9239825715825967
0.924016565044943
-0.9329096180378742
-0.9421546560802387
-0.9536696294691029
-0.9542807675644642
1.0372133197439486
1.0590045369202716
1.0920223835703284
1.0952750534936122
1.1136989828567474
1.126632573484672
1.148548971832597
1.1487528190038327
1.1490477104317378
1.1758582861155409
1.1773732578439793
1.2492595424049995
1.2494473035847156
1.2537382527178114
1.2632265174110966
1.2856261467801038
1.297860370208387
1.3119083856667628
1.3134020829293203
1.31689333377498
1.3198679672744715
1.3216811005007383
1.3490011866681773
1.3516994308091368
1.3545194786097525
1.3870070301107393
1.406794914240642
1.4270549125451257
1.4605256689798836
1.4624253416314832
1.4652939745970284
1.4770103657277156
1.4843147864133757
1.491519971935237
1.503374593435293
1.508502030732962
1.5140235675010087
1.5176031163598704
1.5374450230479786
1.566381229210137
1.573256585675383
1.577905221850501
1.6222025499435393
1.6394785504675036
1.6691600253594716
1.6959100230229902
1.768996517427631
1.7818973972235481
1.8168001647113847
1.8289534426627112
1.8367907092014324
1.9017999104879442
1.9141479658115235
1.9282320684351832
1.9323670725789501
1.9624584598361747
2.0577968434767024
2.058144024307431
2.058761901045693
2.1082126738730085
2.1102475882841683
2.1504352221795813
2.1647247063128248
2.1752254374063607
2.180258915156271
2.1807297850863674
2.221568131581371
2.2435037382921443
2.2477753660749595
2.273454357037963
2.2793094260262636
2.285930266689525
2.304055916630094
2.3176627939775334
2.3289834268500753
2.3455620283217833
2.366386788941439
2.4071511682269047
2.419656131006527
2.4370840983452475
2.4603333788461565
2.4614816985819408
2.504670555796018
2.5106602333581503
2.523941599539019
2.5306736924874347
2.559128306141349
2.5616977937261547
2.5832436803903107
2.5875269540773047
2.5890446830956098
2.600913216880988
2.6168898753790044
2.6710046247203305
2.694700642420817
2.709994194487775
2.7741157380332284
2.7912646663926566
2.8413553177566953
2.8429867673433047
2.8431523050376195
2.861854935650288
2.868798861793094
2.8712177122449414
2.8972779288237254
2.909490944737334
2.9321144947163225
2.942082050724661
2.982295323546568
2.9854107638838117
3.0019332541198205
3.002508918964872
3.071193016134374
3.0826568060683055
3.0830198038335874
3.085039150522233
3.091200207995726
3.1099989161125343
3.131049931443795
3.134377773150704
3.146749022173511
3.1533499216106735
3.1671206088834483
3.1722964363090718
3.186504585626081
3.225987628692506
3.2456266331190093
3.2926538616393426
3.2940282653875306
3.2969251245973057
3.3023817549211136
3.3030069751853235
3.3030294059527234
3.3120527615347424
3.3371387481555326
3.3434139212406038
3.3782667537759563
3.3879988838463486
3.3988637485646027
3.41016692578507
3.431281644817763
3.4376252692876106
3.4499585464444955
3.464763790648525
3.554096283873317
3.5644702599354225
3.588116198787781
3.6094395111549282
3.647121333252076
3.6488541196022783
3.654185411204697
3.655921895378736
3.7103531868475805
3.722975175483806
3.768866484066379
3.7693861830033786
3.7795965776158864
3.788426731547407
3.833050612385838
3.852817796126449
3.903253042143973
3.906734692816431
3.9561290492519943
3.9643043961205686
3.9667444584099796
3.9722803863012466
4.000481957144284
4.05047925906702
4.084940274331223
4.110680580183958
4.185247345757009
4.242657509890434
4.247629202911745
4.278693408335559
4.287807501021086
4.301216589755451
4.3393782168718635
4.353168509170312
4.368616709872889
4.382864802423836
4.399018323216975
4.415646300461007
4.442382460273571
4.462005747753569
4.506161445953704
4.514682741995913
4.533101534574354
4.55475171134932
4.554819047210113
4.577123603973368
4.594364874732171
4.596722716220044
4.597479365198101
4.60816403080833
4.63938876501981
4.706314913303525
4.710798534733106
4.710848276278577
4.7176863405325395
4.719908316385009
4.732626504489512
4.732761271217141
4.823885587856128
4.825114898247957
4.853045463751991
4.863603196052368
4.882870596149968
4.88480284395871
4.891246454378453
4.914935989798022
4.930285160991566
4.940665012489648
4.941177167292965
4.993022053434241
