-0.001893195159811345
-0.0034394194301672343
-0.021801884222148793
0.031075133055843196
-0.03217989439687163
0.05392302602449828
-0.06447013388412204
0.08153488630792327
-0.09020386621847498
0.0953506061993763
-0.10929710745670995
-0.1130744890000539
0.12643840761435943
-0.13547425292736737
0.14285600204294702
-0.14849194651755093
-0.163818866891432
0.17164656506064424
0.17185514773298172
0.17810030789813114
-0.1829447470450134
0.20365680448747647
0.20973281986032077
-0.23139328246435498
0.2382556670974898
0.2521222805607477
0.2610028265412707
0.2797736080066402
-0.2917588711682977
-0.2972042679702793
-0.2980039786641995
-0.3164570898115735
-0.3267204727912685
-0.33543101604495296
-0.38015427962767756
-0.3806662866749779
-0.40098470247264384
-0.404356199818795
0.4062235736355919
-0.41084038693972946
0.4260611810884596
-0.4566541828216186
-0.45768103027669094
-0.4864765960646402
-0.5127454949284176
-0.5177897472202926
0.525797521705766
-0.5372009602415726
-0.5540741046103239
0.5723897232449964
0.5728400765841632
0.6026188640662504
-0.6206612010650923
-0.635778190036411
0.6500384730973641
-0.6568472823143616
-0.6597925499833459
-0.6627684135180771
-0.6685806500987692
-0.6802504931665165
0.6877607739683971
-0.7060820261994898
-0.7077034501865134
0.7201106592210162
0.724595131174278
0.7275795329566581
0.727729654237244
-0.7507197702729109
-0.756086181180798
0.7570951569627797
0.7574812381804104
0.7655848016533129
-0.7662047852193998
-0.7671630068582478
0.7696638077072775
0.7745349120080696
-0.7843909695844897
0.8293909410648064
0.8342663983820031
0.8401693382693753
0.8441090485624061
-0.8446801563002717
-0.8608963363851385
0.8693167553859247
0.896027170601168
-0.9068042852529674
-0.9126261751827602
-0.9229789278610474
-0.9470522235480379
0.9544719722945334
-0.9783260353455892
0.9869875720472907
-0.9949522915473688
1.0038041590705955
1.0079695497452157
1.0146798566318251
1.0574550974869834
1.0831534303903632
1.1003711127799471
1.1103113367826913
1.1362987573413257
1.1363753706074995
1.1455344193306085
1.1742190291895138
1.2389891031225382
1.2403018092006697
1.2412295514742402
1.2597952770153826
1.2647721645438201
1.2764992507654407
1.292052156995931
1.292939535554317
1.307131081918807
1.3651637776844416
1.3797674814943028
1.3904249623863492
1.4114563369864905
1.4338903417576692
1.4353531397350445
1.4562972458648789
1.477753546138553
1.4819231740598702
1.529124093222603
1.5450913748323374
1.5471509719630134
1.575419314463145
1.5839514702901756
1.6142815046706636
1.6243885058593381
1.6320035249621805
1.6340037848233937
1.6449268551310237
1.659456238805734
1.6687262594990022
1.6738157247796304
1.6806558892127343
1.6897352726495152
1.7199862349815138
1.7235294522487457
1.7300376261317454
1.7764750741048898
1.8018719500565825
1.8690287063588569
1.8696812999442507
1.8796725551899947
1.8917116584621994
1.9099854935815799
1.9259109873281788
1.929088866341563
1.946910524453362
1.9644927423313319
1.9675388756397405
1.976987784507493
1.9847038804833828
1.9863221128948938
1.990300723806592
2.0096331908677545
2.0158478449389428
2.02137058313864
2.0380129022786373
2.049252758332781
2.0619867586056135
2.0787097156626455
2.116445042438717
2.1423097886039604
2.151773899062242
2.1587179844218793
2.2197094808775084
2.2228079913194447
2.227180850163564
2.251124729513739
2.27479373045103
2.285843158943529
2.292238685288306
2.3006609508052716
2.3503863953719812
2.3751552484642886
2.4092196269769026
2.4484149345897395
2.4851524717513005
2.506901344792711
2.5138364169341236
2.5310998458063696
2.5493159824636127
2.5506078714620184
2.569932210700033
2.5700530542138287
2.5765222845009026
2.5808300095978316
2.5825641569205677
2.5896052675172827
2.59854603294289
2.6056316546976137
2.605688244280013
2.614625171316366
2.6188672936677126
2.635292817364632
2.6615902088175494
2.6688934292463022
2.6706185652784726
2.713918500254914
2.726669004075994
2.792659756272677
2.815583525420977
2.840275877969443
2.8618544688683913
2.879386806335111
2.9070158644135935
2.9250818383321637
2.9608050210186003
2.9875770121042073
3.05282745605399
3.109478472812195
3.167836286410303
3.1756340936895695
3.1955773945623953
3.207168032785586
3.2237042585893665
3.266003511102536
3.296564039123939
3.311049187901552
3.33283729917531
3.3343579935417775
3.33951066024954
3.3444952419004625
3.368275908023758
3.378626674224707
3.3801615112089145
3.4262620942448443
3.456300865063218
3.4847544703136357
3.486650547187285
3.4888072115269964
3.4890053953313016
3.4919920653937293
3.4950001423829606
3.510274511717567
3.527392275626326
3.585606906628912
3.612875970805087
3.6132429041894323
3.6146696100297353
3.631779884610207
3.6347748547144345
3.6616843303688373
3.6849747621922893
3.7096854798187646
3.726679687086645
3.7614631300639276
3.7615940418547984
3.8072806874317626
3.8156225411587954
3.829490533733943
3.8594270757128157
3.868835776508819
3.9424935520108297
3.946369063474907
3.9477532284028545
3.9569232392464464
3.976389577156623
4.011376671997115
4.017596452633768
4.050021370278438
4.072122786097667
4.078291618266047
4.102638783155968
4.1520739084809115
4.160467901931202
4.17484940427456
4.290208790272046
4.290561666046361
4.290804621368386
4.307376299433326
4.352977634573363
4.380504547197967
4.442415098359219
4.483402139064446
4.484789558365254
4.571339901191731
4.589686947829429
4.599705285046828
4.60996488514422
4.621016246600227
4.621894349001729
4.641910483879039
4.644629155978334
4.728714985651631
4.734041756789854
4.795507879412745
4.816721733018195
4.819200598188414
4.832785577922883
4.867533166116262
4.872091054667211
4.8757150299264955
4.9523735547412535
4.964614616644199
4.96965947245043
4.973820552093438
