0.008318849407598305
-0.008868253030833717
0.012864083324247488
0.013306167228613441
-0.026132693345081837
0.026132855222657403
0.04028226571822224
-0.05010401414955079
-0.05251478393218223
0.053920110598943305
-0.0588316176723207
0.06520810244430275
0.08392124678187307
0.08652194939173308
-0.10074053537617678
0.1023233667803678
0.10843770172249112
0.11457404099144242
0.12578819958242882
0.14555091870711379
-0.1474195346908469
-0.15302616857495033
-0.1530713091713518
0.1664124195936576
-0.16791702500806704
-0.16909376381656127
-0.17710616466535223
0.2183635163164115
0.23945390625000718
0.24879321030193058
0.2524729264020604
0.2559542865172064
-0.266983180277061
-0.2739053276009711
0.2753273798694411
-0.2768874601889202
0.27715600007436425
-0.29666282936314103
-0.3039520786837182
-0.31031343391470934
0.32207914422795025
-0.33716350107783377
-0.3682197061640442
-0.3715802934698209
-0.40364511765386135
-0.4052571075291518
0.4078758380223175
-0.4143693148059069
0.4377940870608772
-0.4425078793939814
0.4527976542441663
0.4528374781818558
0.45303729765172696
-0.46264745761908177
-0.4666110556634828
0.4748644861296363
0.48482830891447426
-0.48889314117618077
0.502926471707589
-0.5155815974302007
-0.5275231730433443
0.5462953857141342
0.5610354775047646
0.5675598352217073
-0.5749583312040258
0.5877413797336719
-0.5970849927820607
0.610304439702724
0.6234507038931771
-0.6434058115818477
-0.6864390183944706
0.7059069853649858
0.7072601366084694
0.7294948679134949
0.7447771709450333
0.7492042372016534
0.7753003042221025
-0.7829958941076725
0.7835303092282466
0.7935474934350804
0.7985122951502677
0.7998394272271374
0.8193585616638497
0.8217152780948365
0.8220941216646067
0.8225959033935437
-0.8478755323327991
0.862360811311258
-0.889912180425984
0.9030815854267593
0.9062360369643905
-0.9112427281871762
-0.9167341335693295
-0.9197336627736747
-0.9356667155716643
-0.9461811056221063
0.9726572269716793
0.9864456533610273
0.9872597984763083
1.0170693771461146
1.0347188283236664
1.058035085235126
1.0605372203061663
1.0681641690478365
1.0719034679901416
1.0771274437559968
1.0773786774375465
1.130161660744267
1.1612112969478972
1.180055164132237
1.180792223869954
1.188849835593119
1.1923517162909247
1.1952704569031036
1.210494301584716
1.2115149532314033
1.2903837806673408
1.2980951340009073
1.307683471011484
1.3295484697217477
1.3328797711667963
1.3591744720902152
1.3887589315490754
1.3908414690944033
1.4363223855363456
1.4575149922089725
1.4677069955606794
1.4721156122108585
1.4810068681641826
1.5026094701097592
1.528435790423936
1.5435240591384165
1.5523983645479138
1.5531141142511107
1.5772405387822745
1.6422947764092934
1.669795790648469
1.7335975448526653
1.7439370685788647
1.760225818751917
1.779229366929341
1.7999024328786812
1.8124020716175995
1.826669333467934
1.8326217586835476
1.8512831148473143
1.8886568703468676
1.8963142813336846
1.9666878607743072
1.9852504415218317
2.0043818404493594
2.0118974320659286
2.0410157008326646
2.0648052090710514
2.0705194014619326
2.080883783158437
2.0813789608126276
2.1108702814854983
2.115555156242327
2.1215029842549553
2.133731070467414
2.138672909635695
2.142449174278261
2.1936267112008285
2.2167974913562363
2.229371136233106
2.25025207687833
2.250531452810341
2.2954401934717366
2.3001363117175417
2.323944905537738
2.335012764902398
2.3689403849872894
2.3717524351933457
2.4177294413502626
2.4258070512179515
2.4341408638990334
2.436423618317447
2.464933292577263
2.482569451744406
2.4843337163118084
2.501801750331584
2.536327109940157
2.5615229243966025
2.579069731399196
2.5994390809244887
2.6071903156474585
2.614814539819346
2.64052170371611
2.649556356645413
2.649611455230704
2.6536438236487374
2.6567782569613962
2.679241670159295
2.7025042217346917
2.757754980856097
2.8084810511404044
2.814835426403069
2.8378263870455367
2.885474499965569
2.908415256105754
3.027259952086628
3.0346143823684777
3.0350618473433197
3.072445208651293
3.079583843454709
3.0842044521553706
3.0872585571423308
3.167927339688042
3.1768187077452357
3.2288506207714036
3.2325428124800872
3.267966120767781
3.290387334884766
3.335005460940157
3.3351282418946857
3.33845991264102
3.363048440713138
3.3635440203968345
3.3748307517688145
3.3985363647005906
3.457746140622916
3.4698837103961093
3.4961020686322515
3.502777665968277
3.5051172370898254
3.5107195038564143
3.540503365374061
3.5468609754882516
3.639781723686953
3.6410445026507103
3.6430014266430017
3.6939770559614136
3.697698309016972
3.7106486171925948
3.718196831693458
3.769784777818118
3.790602135545985
3.8080540345405156
3.8126877930893865
3.8201036052835455
3.8227073953956996
3.838369295732396
3.857877556163502
3.8634131007261194
3.870284436619393
3.8771735367135385
3.8916979122673823
3.8923204682793084
3.900338012077424
3.9158834751924285
3.9207136277819226
3.9301731081600515
3.9712792067373393
3.9732592970940104
3.97424058131071
3.9752673737350124
4.0003611763764795
4.048648481294728
4.078635035486941
4.086517893508774
4.090083989134855
4.131942981016964
4.144809740578015
4.158262393328643
4.162909475103108
4.190953933436317
4.228653684440962
4.257942855563089
4.288071630552325
4.301445692382728
4.342443659237075
4.375442053875672
4.386919414235246
4.406718449448818
4.420785170672014
4.436924843118215
4.442040822819503
4.449827955875158
4.457509722605747
4.507645894695783
4.543783498450524
4.566871252830535
4.577279834009112
4.58206053503097
4.606776039227704
4.611346829528513
4.6291596412134135
4.717906693413319
4.749123687868764
4.756210953851467
4.770379599936227
4.774785127357703
4.822822009774304
4.825231157698373
4.929588366158614
4.930571567816298
4.951270193820315
4.962072304727019
