-0.0030659199191938047
0.007311308444411191
0.015661647579007676
-0.03295989170266456
-0.046521558460686396
-0.0504615621673532
-0.050727834335519084
0.055595982614629946
-0.05640704158337906
0.07790195173261405
-0.08369902274393226
0.0935071255582629
-0.11489603879179944
0.11972437264364455
-0.14861681667203008
-0.15045582768339982
0.16223235204026332
-0.16375617045695923
0.17623813304477554
-0.19387633069065302
0.22920504829994393
0.25118158072548513
-0.2544766178169344
0.2716229838345221
0.2813250709996311
0.2919146389934024
-0.29337904547210303
0.29887867397890444
0.30124851304699685
-0.30209233615035536
0.3040880897892646
0.3091524894591482
0.3255213635871066
-0.34110288597558913
0.34755287233374066
-0.35758653963477305
-0.36371204583001626
-0.3781863457851591
0.38413776414746925
-0.38867673646397516
0.39149693145704956
0.39613966339038686
-0.4321046396421677
-0.43518797354119276
-0.4414954124492403
0.44307645810635843
-0.44408143320356497
0.4594686355469597
0.47075230954193326
-0.5039230450696752
0.51888661800812
-0.5199322185482882
-0.5246234918519261
-0.5484819614341734
0.5485318122581484
-0.568064045387555
-0.5865089425477132
-0.5903577014467072
0.6073512035088571
-0.6144519050005461
0.6284962852926421
-0.6389347961084051
-0.6669807428807701
0.6785263287756753
0.6909531445192476
0.696628380451332
0.7171034673008891
-0.7496144696537981
0.752790868785499
0.7559282689773568
0.7635406781973042
0.7754580393351289
0.7811857746806445
-0.7913061255455232
0.7914821472832436
-0.812217885492978
0.8195826489579463
0.8308368282640586
-0.8358336168680487
0.8632201681546103
0.8635698260940268
0.8642068533481595
0.8657281653384199
0.8699806885032348
0.89914391695001
-0.9043370100664954
0.9046688613945826
0.9141218574059475
0.9143105477431299
0.929436041683912
0.9353507012554394
0.9420114827270638
0.9430621840140012
0.9484538286668425
-0.9530095312260316
-0.9550769251513405
-0.9619970642979128
-0.9668445378739678
-0.9998184473155152
1.0210185892017716
1.0268662316326442
1.0730971496749646
1.077085688912181
1.083851824361623
1.0890734001908857
1.0981094250100183
1.1048786638323858
1.1188768224610923
1.1356227426440326
1.150203764197867
1.162119722571564
1.1810361780139615
1.2021101943116532
1.2608642874968936
1.3090466524661934
1.3645374510072155
1.3680223522448784
1.3706611316535113
1.3952942487709894
1.4408605859337222
1.4585030598422732
1.4586201436515775
1.4591727260937581
1.4643414946026159
1.4794559508385072
1.5366986215388403
1.5617653303075896
1.5860252850379828
1.5972819077018752
1.5983987817333687
1.6206356880973019
1.6310847372672823
1.6334508737449944
1.6522296014805171
1.6591339162752012
1.6783123559014212
1.6786197758094654
1.6835048233618126
1.6870230925257879
1.6911954800314648
1.7333377293175483
1.7763043716378184
1.7776333052620248
1.789022258850141
1.7960074879131556
1.7990000541287658
1.8042482521519707
1.856776048269786
1.8593155825035126
1.869818552798641
1.8975568137272347
1.9385185966307987
1.960530980379863
1.9679380245977747
1.9694764683825667
1.9754473487786157
1.9828010109916563
1.9981996464847427
2.032970629787769
2.0533592377070145
2.0912480896355374
2.114941504194985
2.131612599155204
2.1536841064889742
2.1695716295927383
2.174320352898476
2.1961906292715385
2.209867190454011
2.222007859775913
2.2500112425361367
2.3008681490629783
2.3009333634606017
2.3135389154338153
2.3209908470891407
2.321239604610512
2.369772815087668
2.3780158983160207
2.399859489388599
2.421358469102426
2.461094701916883
2.506051689270503
2.5064652631711253
2.538759128595004
2.547481577041424
2.5876560094050185
2.5895350950176086
2.6039780737267537
2.6494450764715767
2.6748206423147307
2.6821582280013914
2.6941235165633577
2.708245875974364
2.716149884669541
2.790546972888779
2.7962968695422834
2.8271906718469904
2.8570705614512386
2.9284453736910043
2.9782726887676114
2.9913496148134167
2.9970037545689086
3.0024812637311307
3.010311943261229
3.012251216312994
3.0440906058234667
3.0591901181045724
3.090946277292776
3.1240938500018522
3.1246913380995833
3.146052320836887
3.1523246727687955
3.163276973048964
3.2121461341295845
3.290156123877794
3.313323350856521
3.365245709886847
3.4534019448964752
3.494216914738373
3.509794187375423
3.6130732206591967
3.6140312058456896
3.615216231891214
3.6178666595029387
3.6425785963378194
3.6686662244851993
3.6760656817898454
3.676895081281491
3.7006797623675842
3.7016078717014675
3.70382039634198
3.733199441817841
3.7439635315660356
3.757312197575059
3.820253791751555
3.8297436643534795
3.837624268428306
3.8530906533515523
3.8620568898892955
3.894637144091975
3.9084772725458734
3.9243517777492603
3.9354112096163485
3.9428485501055013
3.9663584310232185
3.970535953333231
4.021553536269148
4.101522390661727
4.102097325177146
4.107263353935973
4.117121678247149
4.119698211018998
4.140333232032257
4.166516759239828
4.185560636800752
4.226346706646847
4.232171387149575
4.232438649167209
4.242124006766207
4.265245444069558
4.306274734866949
4.311157261026804
4.31292430621215
4.317763284192722
4.326045716215732
4.332242708520624
4.365994087325353
4.407913496965126
4.413240722821621
4.438705962561752
4.453111749278087
4.479133474818724
4.494713919004477
4.540142095798743
4.54194347890453
4.558606171616704
4.568426093761982
4.581040545998483
4.586654562381133
4.590592731176917
4.609713059789394
4.627217177872209
4.630518993812153
4.637876265803433
4.688986996040209
4.756869437827984
4.801193925458546
4.8300766992144455
4.849798915322333
4.855493973487575
4.859045321428781
4.864729486309324
4.905811957522928
4.91786880866138
4.92712567436586
4.9293730067741945
4.939443301087548
4.94599514999132
4.980177144109316
4.988019258578671
