0.010649673327369324
0.020776944852490375
0.0235890941875454
-0.051364500944056424
0.06081015445305482
0.07233959203720586
-0.08030609210182904
-0.08502357378683079
-0.09521135978857287
-0.09896287828096462
0.10622711922215466
0.10853581176817872
-0.13654315850085297
0.14420571774653612
0.14496578305284746
-0.15145828469471345
0.1623894128250225
0.16902432952038282
0.18430589283318422
-0.18800956477866326
0.1963427641927391
-0.1975583572137971
-0.22609178232582883
0.22819028167469546
0.2296844137094649
0.24130036920267162
0.2523078173665261
0.2675758401721633
0.269176963132312
-0.27031464504608294
-0.28487604362954144
-0.338027757641415
-0.3402994126515342
0.3838924043613008
0.3929315462451859
0.40158306080166617
-0.40612414521472373
0.4452684813962158
-0.45929497614062775
0.47813957499756143
-0.483989156981667
0.492836982267743
0.5203435973299206
-0.5256885713305115
0.5587087328732074
-0.5756191626937899
0.581270308055071
-0.5863741387791974
0.6071466151817029
-0.6211277900729952
0.6231500049983152
0.6233942920952535
-0.6268030161978146
0.6305050654452675
0.6312126595613401
0.6371298006892252
0.6575618989153333
-0.6859408778192468
0.721310585268476
-0.7213642986535855
-0.7258687061995712
-0.7383201807743671
-0.7421818954933759
0.7705711743630042
-0.7739711017447408
-0.7827317097015325
-0.8200231406303431
0.8223881387103373
-0.8354455406902703
0.8447400634863051
0.8556947343625034
-0.8575927978138222
-0.869158443908665
-0.8713437327832037
-0.8765856288131397
-0.9072617979752633
-0.9105584119443779
-0.9184030235361857
0.922125235198417
0.9245855062414665
0.9288984139665182
-0.9374220114004086
0.9519468572563539
-0.9865447768518205
-0.991242302877354
0.9927910053862992
1.0000120287770908
1.0265483009412302
1.0317076149508986
1.0359062709334523
1.036306002804598
1.0555478870037716
1.0685314617325616
1.0750364260569634
1.075986475483317
1.0837547870373454
1.0840498593574597
1.0905802645923242
1.0991733683456775
1.1178163448081522
1.207638586260356
1.2329707126078944
1.2343696697535713
1.2509963836359592
1.25310676787901
1.2915781226350367
1.3033309113938358
1.3088243977005316
1.337388451755353
1.3532110768615593
1.4118709974309827
1.4180996436214608
1.4245896491359242
1.4568699926067614
1.5096509355353276
1.5117792320324734
1.5173653212890548
1.5452544026720556
1.5667065290744224
1.569233944148401
1.582497620128283
1.611460734092356
1.626477404767189
1.6547182965063567
1.683597159718365
1.6958903976713904
1.7512474766758568
1.7580907708442641
1.7692581703582984
1.7889186915149082
1.795713736616718
1.8011335503481458
1.8239631522038864
1.8297759667554936
1.8545084339302949
1.8629498699340834
1.8823462352590274
1.8872944830914617
1.9655077731057577
1.976377561900093
2.0275278423372596
2.0380927701103135
2.039419069708507
2.0817757639751147
2.168361798420307
2.1835918224442796
2.220305518563409
2.220494336641644
2.2251107949645696
2.2253481129324606
2.238430176488728
2.25374872952319
2.256228038743598
2.2855492213411615
2.294064841105639
2.3058433904864133
2.306153342317187
2.3182100361842553
2.327099968463255
2.3318554931111652
2.362556211426454
2.3850833233201287
2.4024546196983847
2.4072776134392173
2.411228764968868
2.445247523802668
2.448103420760121
2.463145436577504
2.4970660692308426
2.4989553503304833
2.5147806810352993
2.5370649170294874
2.5798160135560786
2.592023617921096
2.7245685088510925
2.7444153939311824
2.793627360024294
2.7975359309453958
2.8005699734447944
2.8109113502508096
2.8475199914501674
2.881718756736726
2.886400658377365
2.8927187631497535
2.9282787037467983
2.936280444110861
2.949487331922272
2.952997417425629
2.982217506582664
3.000169570596192
3.0082598091792487
3.013737227325416
3.029673297018517
3.035334528622837
3.0421921862361776
3.045531405159556
3.0827323747150643
3.1293565292161567
3.133407190567296
3.149080248890864
3.155886975030323
3.1628873642535753
3.1784694471557993
3.2367449492084717
3.24312746077218
3.2530826534946886
3.2557645175161722
3.256609600417417
3.2716234896190315
3.2812310233230058
3.282958555951266
3.3182756164637555
3.3326314660655054
3.3573642972536843
3.378050944610899
3.392742325638186
3.4363313462700162
3.4464555522619715
3.460210969077856
3.479445299634892
3.571234748141385
3.5716153688782306
3.636982333579855
3.720059586197703
3.7210764311443434
3.733977087368527
3.741299337597413
3.743530587532838
3.830882418341913
3.8557360609967244
3.891990660471018
3.922717767153065
3.9388562717601916
3.9417130483831624
3.9820765383814543
3.998279995761309
4.0674712930955605
4.096051713496266
4.134392155056213
4.149191931463433
4.165223990245696
4.167092978139749
4.1824390388250094
4.225013120030319
4.231247119119932
4.236801864193718
4.2447771493929
4.259509874397672
4.269906827238848
4.2955504683381704
4.347785972044171
4.362437450074889
4.365350198147148
4.487498567103818
4.505723893742572
4.517192987139543
4.521856594641343
4.551679055239719
4.557554512558837
4.569416197784641
4.570851233611517
4.596088621846184
4.668333186432722
4.683091320888742
4.701849915640825
4.757807347960869
4.761253791203134
4.768459549326377
4.775022102692245
4.799610335802312
4.847878888753817
4.858842640522772
4.860101768222288
4.879058357557612
4.888470164246953
4.915620425107101
4.948617684137973
4.956490772791583
4.968432249863206
4.983158506149586
