0.0246021127403504
0.026419927415952893
-0.03746902613500125
0.04249667932112722
-0.04729963349027044
-0.04811703781109622
-0.049119973694990104
-0.04938156022958817
0.05477252205532945
-0.05507838835579126
0.07401237016874429
-0.10632485780057577
0.11590098534599513
-0.11807702332997327
-0.1195968204657678
0.1212045530864363
0.1323290564538675
-0.13904637811500598
-0.17211738649506625
0.180664904003758
0.1957578517616434
-0.1971489078376396
-0.2012373453521914
-0.20161315176714
-0.20923284532910702
-0.23211991188569625
-0.23276094358377342
0.23527169181501906
-0.24343946139208672
-0.25136846430525694
-0.25568058891800427
0.2558415310452098
0.29746966119064755
0.3400309233924137
0.34607526823318513
0.37075943674927725
0.3709227367531198
-0.374904046962502
0.3768852283234869
-0.3777594861249378
-0.37941538693117693
0.3801460595863928
0.4050992797847144
-0.40542722452038227
-0.40980222511854514
-0.41124484633171443
-0.41200265546968096
-0.45975227338362856
0.4608828848458024
-0.46236835178625957
0.4730039252965761
0.47583127906446654
0.48680098100788705
-0.4902214031427117
-0.49919224829272446
-0.5200487802399123
-0.5292636561975976
-0.5294885407221199
0.5303142854557876
-0.5511078824913391
0.5631414854500596
0.5699388721180241
0.5713922685388848
0.5828903616024035
0.6007373364072728
-0.6638607628825179
-0.6672295806076993
0.6704009725448479
-0.6990306583622528
0.7014845474985401
0.7173090921634708
0.7214899583551706
0.7277287788630842
-0.7279636207761513
0.739263252731329
-0.7480153735002286
-0.7632002919095826
0.7671329601873034
-0.782031177722164
0.7836208313479966
-0.7850117275186805
0.7881090642323569
0.800960193084439
-0.8048406961375973
-0.8187063828925485
-0.8222536040989332
0.8228425445324714
0.8321423360174345
-0.8417082866609962
0.8469462834283084
0.8549645075197854
-0.8744903810983493
0.8850190496860608
0.8879048235382727
0.8904667499833043
0.8991653359700222
-0.9015671806251977
-0.9078490443090275
0.9116158000473171
0.914074638946262
-0.919805196333521
0.9317281132776623
-0.9425810707640003
-0.9830297579519738
1.0169780894766727
1.0270248971624287
1.0272854697238634
1.09588280544079
1.1122524506280778
1.117676580820269
1.174144531498054
1.1880916999777797
1.217213037273103
1.2190370423641506
1.2994795081039672
1.3013563212591155
1.304798482241348
1.3227303464302977
1.3363490359201702
1.3749063912653812
1.3807415125121896
1.383924107442878
1.408834884958388
1.4140000137531734
1.4227995494665695
1.4437805198911215
1.4450957724192701
1.4524702057846408
1.4619551649079376
1.4653901715679112
1.4896565845295617
1.5254942622296923
1.5344634119096119
1.536231376372819
1.5646350264759494
1.5672733228292013
1.576056316226503
1.5793968706916393
1.6259978917232791
1.663459089149149
1.676686787076609
1.6897968271934225
1.693445050530964
1.7061605157132593
1.7157648475040777
1.7394027030143064
1.776985856969643
1.8170797667244427
1.8173682716020627
1.8811464384064838
1.8976827280351176
1.9010495611226048
1.918452674128746
1.953386617229639
2.02185935348112
2.070443165282174
2.079181883993355
2.102115793476403
2.112391190445334
2.12117532715933
2.149879156083908
2.181205299872012
2.184900491594373
2.192225595757768
2.230413739923523
2.2418951492442574
2.2491176050404627
2.26893858862441
2.2801108899313967
2.3052350615705777
2.306970169341728
2.3184969852523287
2.3298693879242127
2.375561579277454
2.3777078863022405
2.4997293254189827
2.539014320599838
2.5418578516614705
2.5623366277495476
2.571060321479631
2.5788197584589883
2.58520321312624
2.587581799955505
2.655239250607477
2.662262515209412
2.6647790813314236
2.689208448012904
2.713310481762325
2.7298532574066283
2.7569544778458948
2.761606591851157
2.7702076170737344
2.790056147139272
2.8052255186548405
2.8673965165347006
2.8739251190077013
2.9246951847431695
2.957142456605051
2.991577207905216
3.0137017633535494
3.0143924754911895
3.022426391231516
3.0388744603532682
3.08708035421456
3.0893920240152726
3.1062214877668284
3.1070062538332017
3.1137535097125504
3.1552226851508163
3.1741226985703
3.1920349745092915
3.196291422019584
3.226110399790727
3.2276695696087954
3.2544314508765417
3.269820518002227
3.279906164135804
3.307517959337847
3.356127836642824
3.447039246238373
3.45337895388821
3.459557312785763
3.4671738913790087
3.4687108695204056
3.504338270479426
3.504773101701149
3.5078942148848586
3.562680312309255
3.564291064858934
3.5696403054022845
3.5941732059954754
3.595458987952952
3.6203449108460166
3.635933240288865
3.652987167777219
3.656341141255563
3.6586829247912496
3.6674844552054644
3.6960170123705147
3.750024018075422
3.764983367489447
3.789964396749437
3.8897975152288264
3.9323893291545087
3.9542329179589437
3.9878068326261715
3.9907385049711337
4.004873839914219
4.007169987770973
4.013745527115401
4.014442065573194
4.0223807018825095
4.022629211704836
4.0341163839173655
4.077959050744286
4.082283727242098
4.098782025697158
4.114090433853338
4.118259339828214
4.190746940029401
4.195444556275015
4.19802676055639
4.211734058530508
4.288843941199455
4.2956890523809195
4.296794793048106
4.298796396428522
4.319931887808121
4.321948814723211
4.443070079265807
4.444483204954313
4.446418754904821
4.4472505670746765
4.459422036675187
4.4768761877393075
4.486321539918285
4.5189419978051575
4.526761232259527
4.6025600327093334
4.616977395996008
4.620579218037791
4.639286977986204
4.639896028208954
4.644274902059838
4.654190532778727
4.6801813152626055
4.719640182346008
4.781527819925431
4.808746209905957
4.815627619711319
4.895648780421402
4.895831181776435
4.9033882837255245
4.934359206420459
4.9473879115681125
4.96271397157876
4.97459310504237
4.981146967289556
4.996922320962663
