-0.009352295694199597
-0.020261413866112576
0.02440155601993932
0.03073419397132482
0.051716016279453436
-0.058667788085424055
0.0626161846883524
-0.0639885630962791
0.07229440893313033
-0.07425719964413591
-0.07470691453097111
-0.09541000020251977
-0.10929821067256928
-0.10962466093823031
0.12067607305242323
-0.12438696904541446
-0.13106462507199823
-0.13339104965258164
0.15257955927196476
-0.15278645065255136
-0.1624717259469528
-0.16393284197624203
-0.1658771630114304
0.17797678019959773
0.17983555152829322
0.1874973967213025
0.2143799360955536
-0.25482378258752747
-0.2738652154282457
0.3087207185638876
0.31705932017023475
-0.31854144692828457
-0.32648601382348064
-0.3311271766916968
0.3386786329580347
0.3467491260977906
0.36575287320481786
-0.3890254851697226
0.4142112618631475
0.43737219452298204
-0.4394599991267447
0.44664188583745834
0.4819795727025098
0.4822955724946816
-0.48275501238629537
0.5092723512551274
0.51563334722287
-0.5510348499857074
-0.5581813200156147
0.5606542403345978
-0.5618783013948736
-0.5685009665766929
0.5701542660097674
0.6050334438166958
-0.6130934534479109
0.6216450826384656
0.6320975315006079
0.6380802860251862
0.646509882712335
-0.6489212056773648
-0.6538880451343181
0.6612367353174349
-0.6672992265508246
-0.6770918431621571
0.6945052503760725
-0.7160303564095041
0.7211881356861056
0.7298728193944857
-0.7382974935738316
-0.7393996818998505
-0.7430884395193522
-0.7469911654634596
-0.7481021363834213
0.7502795241849756
-0.7620865139800874
-0.7762720613931906
0.7763371534754664
-0.7764711991658311
-0.7852800258663879
-0.7916527864224487
0.8051750968360134
-0.8055811289781563
-0.8218262572068957
-0.8328078198012223
-0.8540553409522469
-0.8711691818215976
-0.8831744727631039
-0.8950807026242888
-0.8975226269659249
0.9001946629692659
0.9008197695845686
-0.9098601347278146
0.9230402095463959
-0.9233147900709018
-0.9348945273879017
0.9589797527519979
-0.9629130208813925
-0.9819939088755492
0.9828816463667243
-0.9864025586872349
-0.988125719229981
0.9898497839658191
-0.9973231552066897
0.9996658669147607
1.0580829744250169
1.0610566432223036
1.0700608161037768
1.0778484355301732
1.0939601279584594
1.1070559907002782
1.1074069596312883
1.1101769846607947
1.1368096883884542
1.180634235935968
1.2089667694808366
1.2988137459465827
1.2996823913382656
1.3063378716500953
1.3086875903561568
1.3292596570304736
1.3328889740967278
1.3491388387940306
1.3863444287958044
1.3863562168809547
1.424091936309682
1.436260717435382
1.4394806885502254
1.470818251377906
1.47726077314889
1.4981764448469805
1.5737845650795905
1.592359049083186
1.6355647037205583
1.6671957745785186
1.6673970835945218
1.6753271320732823
1.6759167193519655
1.6949211138177618
1.7404297068268981
1.7459056263215293
1.7579017181843497
1.758269662125163
1.793649454024199
1.8111970529556904
1.878133326760476
1.9226845933792722
1.9573050257909022
1.964229143588347
1.9858010183438255
2.0030704302705793
2.005390279415219
2.018880473206094
2.0510082044398317
2.056840923669936
2.0843649929022012
2.1282853794461944
2.133756430360638
2.1396464913980164
2.191029950276662
2.2130634112106353
2.2321110970525413
2.237839266692224
2.304599427748304
2.3098152347348275
2.3527446058056842
2.4077238262935117
2.4500526607707247
2.4518663786258688
2.4531045913159977
2.544795458065515
2.5463124586454
2.5590841878546167
2.564844257849084
2.588779138417475
2.5932096647551415
2.6105019455989886
2.6229336979299243
2.6518848436539058
2.6705286227844587
2.69209347761827
2.7426345486394457
2.763191032831954
2.7726906008167553
2.773135662094483
2.7957067755606455
2.8687346034372343
2.875903069796756
2.8844824849953126
2.8914626506715093
2.894853967341701
2.895431864331867
2.91212195774039
2.922578725217436
2.933149337957504
2.947302466245697
2.981614957509408
2.9910760712275097
3.000471057087812
3.0177074652348654
3.028897417540854
3.037860123651269
3.0454270288328322
3.049737010498636
3.0786459213357382
3.0847928369021647
3.09804963020488
3.117004363406151
3.152897389057686
3.2004786569125745
3.2198267148644097
3.2299295495789853
3.23376636675855
3.2362794735765483
3.2452873623687983
3.2773393779590005
3.2924059588523313
3.3648470228997844
3.385964613674881
3.3889151220290294
3.397924560376623
3.408687049749301
3.4265357980353297
3.4626340922818573
3.5001600346062727
3.50244337936486
3.5038810745560474
3.5374045700040018
3.542029852129742
3.5567512151139855
3.5578024860571533
3.55877216715402
3.5879106825157825
3.605677354413741
3.609280129526703
3.610239569918127
3.658726451411405
3.675822602471656
3.6767434242625985
3.70884513117769
3.7280338516943266
3.739907646268459
3.7566267015139836
3.792224729896885
3.8104845704716723
3.823807601507407
3.84552871899737
3.8549499418471482
3.8881335981792695
3.914208713298785
3.9153941302800597
3.9383250894378508
3.9470789464289933
3.9972356413946244
4.027959890495912
4.126039445330599
4.14027835259141
4.149134937585913
4.172176841806147
4.174279841206646
4.200888832049044
4.220831414410184
4.223755717580399
4.231291543628339
4.233101740983693
4.27321730441335
4.329690981391799
4.332685467329762
4.359148081190131
4.361759741961117
4.363541040071822
4.427239694959034
4.44427097171749
4.458889684839125
4.467188442621689
4.467905433243175
4.481723435306553
4.486359409487616
4.491918151696135
4.4987592471591915
4.5967440295939435
4.630818559602106
4.631326444438885
4.635477949222764
4.648622359638923
4.7530031670422614
4.757451789317834
4.784383450082051
4.84268647414175
4.848482131047867
4.855645489422838
4.871497298277069
4.880990158341598
4.8844026515999115
4.924748612198632
4.944045980590974
4.948579938445426
4.954133883892824
4.957772988646279
4.985779171727364
