0.0013927702013185606
0.002432905195966173
0.006761497060880695
0.02209040951225605
-0.05268241588621336
0.06549165265704504
0.06645213443697795
0.07571326165658165
-0.07818361514190197
0.09139452697639405
0.09593180849233662
-0.11184415888824328
-0.11418029308982525
-0.11947703342001592
0.12643930194354347
0.14731104414695384
-0.16142424575091674
0.16467632953577294
0.16757199424217717
0.1713852365421793
0.18392136838257422
0.1934555310859487
-0.19649536461756334
0.20988965431615636
-0.21756830086091195
-0.23366604177386607
0.23752870644594593
0.24799978731444594
0.24953940406221542
0.26537510912419804
0.2664447575358233
0.27384431050468905
0.28804559516590555
-0.2943272642036505
0.3075844353812167
0.3247297187343694
0.33572791811870495
-0.3391300234204546
0.3463625972748132
-0.3463715522319861
0.39621114596333706
-0.4171561002793922
0.43534969851928307
-0.44429784734124667
-0.44610428123763546
-0.44978608227803507
0.50274662137282
-0.5088286684850674
0.5478664960722346
-0.5510898051594544
-0.5570431782383776
0.5594972937367892
0.5596751438292245
-0.5613101921341943
0.5668898492468812
-0.5746116584351249
0.5747471738511651
-0.5757395102917944
0.5765008281505017
0.5788548082616805
-0.6203076474896307
-0.6607614563485895
0.6650245341793499
-0.6678691420815641
-0.673554711221729
-0.6786059898656809
-0.7025383724896699
-0.7035753813120211
-0.7062122215452928
-0.7133896847027372
-0.7186282261729293
0.721619090583479
0.7265948780104892
0.7712483655359277
-0.7787657980808742
0.7803024862103294
0.7903753514171059
-0.8076899394173562
0.8468362251987358
0.8496300602019105
0.8784438453400569
-0.8990697158361545
0.9087922766543859
0.9156662747667934
-0.9192517682844128
-0.9212253706564537
-0.9213638742214154
-0.922107205596171
0.923327227500355
0.9364952435348641
-0.9434855226360745
-0.9558517661523636
0.9891289177633966
1.0476915641538422
1.1165921898247113
1.1206980758077778
1.1233927172746716
1.142707623364898
1.1676545746414537
1.1689903943766007
1.182395186117836
1.1857623888517272
1.2024858185706737
1.2617385690712295
1.2747906723926823
1.2852474710736308
1.317623298681823
1.379644859370773
1.4282508277465453
1.4302073791523515
1.4669519513912412
1.4906803719860378
1.5017978405185337
1.506472880671792
1.5119829762898807
1.5466914358387052
1.54695711851428
1.549236775647861
1.5587274158924096
1.5763828921919765
1.5794949858470746
1.6233529410190655
1.6692171260786863
1.6697319121077197
1.6786644924680667
1.683200780443646
1.6886792154879635
1.7235209944675125
1.7344786984000757
1.7906532840422624
1.816998011187577
1.995726199009034
2.004074955045666
2.037894114809592
2.06365848321464
2.0945640290949035
2.1040108437736924
2.153446959060574
2.1592511313659566
2.1607051817143326
2.2061731425918456
2.2100284213958554
2.2219224516879157
2.232925302082667
2.2590105582808624
2.263109220497493
2.2652856612137215
2.2718869905136376
2.276168362979534
2.293488008886074
2.3044957400979014
2.3133614352887566
2.347975941843175
2.351739528842293
2.3826126708436464
2.386440959414475
2.4044744609261146
2.4486353244437487
2.452058926396306
2.4817465901575195
2.502465101198687
2.5197961046989596
2.5248584141238357
2.5427372296113484
2.5811759260391796
2.63385852904769
2.6349827662887733
2.6462120907019417
2.653467837150838
2.6675479936262985
2.690509443974645
2.730390866958416
2.7592008731091875
2.761876041459442
2.767260755495651
2.7715720389644374
2.784546531334037
2.793061792453779
2.7974011191966928
2.7986855272585407
2.8448182202919146
2.850156173542354
2.8508413124965832
2.85725285948802
2.8729093704228568
2.8843902702205764
2.9006848651791954
2.9306386851086565
2.9466231840728394
2.9557491539242147
2.964985384269151
2.997267985742058
3.0142255699817326
3.0370967845537233
3.079864319463354
3.095586315747216
3.095744759104914
3.0987098232376633
3.11265308646375
3.1214899969444208
3.142942559910252
3.1553549467134623
3.208521365579082
3.2240834558145046
3.234748287565532
3.25261324467869
3.2544325288713694
3.2657604050716778
3.2668798510111925
3.2688768751551063
3.281608325406001
3.3297235230409292
3.3394609255677654
3.3524161253084133
3.355887825506838
3.3791861859362298
3.3920637807627543
3.4799595844167728
3.486046816498244
3.4863114085527815
3.4969373857076373
3.514848874832623
3.597390485154035
3.597500979846828
3.6345887726311767
3.6364094985016306
3.684411385271545
3.707062942968447
3.7367794605984255
3.7474720733210525
3.7480854492790217
3.753345795312783
3.789772522682762
3.79095537884187
3.8094041666015768
3.81195730222451
3.812319895941373
3.8221729710523853
3.831369624599157
3.8789558410973086
3.914255465991241
3.9177215304944566
3.972027086167648
3.987608498146982
3.988260170508987
4.0001692118824295
4.003194289483038
4.039957042984193
4.048159364799646
4.056292735842267
4.059781198247873
4.061926834563728
4.077402022028606
4.1076924377231085
4.110990098418056
4.14743251359519
4.15776884862178
4.19465213711254
4.209382273252772
4.219591289413838
4.257017280043617
4.264700081723181
4.308384068091888
4.329204398130827
4.342173112964328
4.349593597324954
4.359554188245743
4.371321455649481
4.377992451188756
4.383620209956854
4.383885994710099
4.392082408883566
4.436138920307636
4.464506925390363
4.537562301362225
4.574285233807667
4.605539187078724
4.64571679678903
4.677035313869585
4.68477627826022
4.694631574061178
4.718798245782917
4.725069963080118
4.740701707586939
4.757797150176876
4.760117956260789
4.815585338256591
4.819880969351958
4.844669125939416
4.858128765605848
4.864339660538343
4.86572446138357
4.869674336005363
4.906471168716995
4.925224277960743
4.937766786207995
4.954908007564487
4.957803922623201
4.986671915932536
