-0.0009028073331434072
0.03720067961278639
-0.04870782708884924
-0.049383254600009474
-0.05643422884823712
-0.06336376062621074
0.06436955722946491
0.09017305041078894
-0.10604696023279558
0.11770977942508987
0.12118808717470553
0.12150245946123239
-0.15418235372761258
-0.15543265233264747
-0.15915867214582247
0.16893600347826787
0.17722775124897439
0.18723167310773237
0.20189803844490717
0.20308315468294214
0.21468866588656632
-0.24460684672062838
0.24531280477421968
0.2543372116840479
-0.26002691365265207
0.2643728010589885
0.26966571766444636
0.2838141604899238
-0.30210122735428846
-0.31436860445068593
0.3370698996742807
-0.3433431328113463
-0.34461568850330937
0.35446807503693556
-0.3801892471849613
-0.3836202540431799
-0.3838742525626224
-0.38868011578796446
-0.3976921568211833
0.4032374135951826
-0.40556865386747654
0.43445246411174754
-0.4441803697832032
-0.479445937955433
0.48556211043413877
-0.4944669008377647
0.49776910224823645
0.514297884639878
-0.5206389394079629
-0.5420929095331715
0.5427563288806958
0.5503840099037447
-0.5709271041404194
0.586768514906933
-0.5972176805051603
-0.6367384342804077
-0.6385552465136723
0.6496767165444619
0.6505762710247174
-0.6553461712347481
-0.6666105756874192
0.6752450537119692
-0.6790221450625871
0.692245712951032
-0.6986235271726673
-0.7202667786069676
-0.7204136178659704
-0.7260278471615602
-0.727468999922972
0.7451875039539817
-0.7518737788775594
-0.7658476548148541
-0.7733869546361025
-0.7933795411705482
0.8073463762449271
-0.8242294040667988
-0.8256344199923036
-0.8263581401204805
0.8383086073473403
0.852565029440822
0.8670689338701176
-0.8803826181789107
-0.8877261211272289
0.8918970788414844
-0.8975821008053955
0.9008876426899792
0.9072889749456836
-0.9153464947348002
-0.9163534206751573
-0.9192253385722147
-0.9282915520514479
-0.9302871840704601
0.9352032515148507
-0.9432167491254342
0.9449895309458254
-0.9531249629593395
0.9534612008324646
-0.9706297533863786
-0.9946823202681074
-0.9972791908933851
0.9974762763315048
1.0087562363580451
1.0088621810966591
1.010152162838816
1.0229635005226942
1.0369340796173487
1.0616846658681531
1.1034194517792555
1.10746049066519
1.1113011873980234
1.1151616259327692
1.1468605526959261
1.1753144102503912
1.1772338596783056
1.2370425799012903
1.2603105696275252
1.294764787954911
1.3034088801939552
1.3047649875354903
1.3105876660396385
1.311187958186478
1.3125085615135061
1.3850890648341196
1.3879969112523511
1.4006182941854588
1.4203658897686928
1.4431447466852938
1.4675705405142665
1.4843398025214274
1.4918478402404167
1.5053404337062135
1.5366034129813428
1.5371004685761256
1.5417188404673476
1.5423327752352916
1.5932461332423205
1.5951811878975835
1.5998300159955
1.621417192370421
1.6231991898878428
1.6642479156055812
1.6830741882853628
1.7374202841206285
1.7524717437778499
1.7776293838344648
1.7836959702868915
1.7986217112746887
1.8176853350565052
1.8242118118108421
1.8342362164234252
1.8397143769704813
1.8608221042562185
1.958580589456051
1.9896515472822105
2.0279019382859533
2.114130758974527
2.1358484631018633
2.142252682544501
2.15427002315142
2.1792375878518127
2.208674819125563
2.210207319865946
2.218791194959194
2.253639718077171
2.26096311244064
2.2680871180702233
2.270066430678006
2.2885957469251688
2.343279145014126
2.398154918521967
2.408283407429325
2.4314578805900586
2.4556612798240995
2.540517981547998
2.5476356874782145
2.5552106127919068
2.561830278463435
2.578981192002235
2.592933313470942
2.626915920492106
2.639444239056857
2.6700331013140306
2.688868321251766
2.702017489565594
2.705443478984632
2.722919074441106
2.7427021054424943
2.7909664045540863
2.834368910218533
2.847683015007286
2.8695526115109686
2.8724197276765304
2.882735200745989
2.885732743854865
2.9289576002472604
2.942513459652592
2.944124481117628
2.958307935992064
2.9646312634963707
2.984433583979742
3.0028887468433147
3.040483784740629
3.065097939287601
3.072877927587137
3.0739611376457807
3.099032776349782
3.156936654486109
3.226710024237569
3.2479185352904354
3.2571469151650785
3.2959449004521897
3.3071644781461824
3.3280249016642385
3.3411913662017962
3.376268753418165
3.3848294301496376
3.393165654783302
3.420913122164227
3.426390929154609
3.467453452877102
3.475381909616422
3.4756374295684687
3.5035680503231896
3.5082078500214795
3.5375492369037405
3.5681768886768293
3.5886619514124556
3.609447932411305
3.610256750944881
3.6539844593331674
3.663290046391208
3.6645669834809347
3.6648582855872
3.666341938253545
3.6687800661012178
3.695354230470678
3.7237181564184603
3.7248852667235575
3.7369378824484762
3.7454900891827494
3.7684215836176493
3.798198326769948
3.8416850578393333
3.8604067345109208
3.877238698864515
3.912652495652848
3.945856561696302
3.9663162840338826
3.989650578150745
4.017227856552687
4.020317095080976
4.060921741238069
4.066884032893094
4.102849357287508
4.103816080972319
4.170220688457532
4.18517111067124
4.19267808945419
4.193259913794045
4.198617878276524
4.2056139717422845
4.207025234126377
4.228498347959855
4.236382005720946
4.246457220872087
4.263740011502719
4.293514766024861
4.2943592251157146
4.3006606236850065
4.311594273362694
4.364282253288063
4.366666158853169
4.3811929502214
4.421352173148967
4.422958761263571
4.446958869537699
4.492631155888418
4.49658140207179
4.511391693732753
4.5426892388646465
4.552279780037179
4.556982400496311
4.616275787433062
4.62945238166809
4.638329385750081
4.65489483555416
4.67610074923017
4.699460141365675
4.701164886083987
4.746552168662729
4.796896404070856
4.7982075501145856
4.806790241465463
4.832878443485557
4.855916398067933
4.888522173301279
4.933080788227853
4.945431564013607
4.979158239948309
