-0.018926109042215034
-0.06792411555462796
-0.0703291499218488
0.0802494293446816
0.09869925398214274
-0.10001116957314626
-0.10077760921621204
-0.10673504555242053
-0.10787261920690283
0.12729422999532303
0.13179549113959288
0.13339226702453777
-0.13885655314786227
-0.14290223060610296
-0.15360267882801004
0.15917712958415842
-0.17204181239405902
-0.17901847153628236
-0.1925625167687801
-0.1931010808874818
-0.2150978062494473
-0.22457864454504506
0.22688373760341207
0.22912136282042317
-0.23279550962741946
-0.26964629507996674
0.27145981425858934
0.2994769489293918
0.3005220678137823
0.3438910541147646
0.3439995883001503
0.34527660625206824
-0.34655901894411656
-0.34824677660119163
0.3552091825593262
0.3617108015805053
0.3631712955600448
0.3848234262722354
0.3957184314902389
0.3964322400821707
-0.3977012123462238
0.40131117384462645
0.40740359848674146
0.4086930266792499
0.4205708221037656
0.42119151249773834
-0.4220464164907074
0.4280769970274685
-0.4288800167018514
-0.4410500222892837
0.445686529634469
0.48598095221286064
0.5176299785972933
-0.5224852180980168
-0.5241409561401671
0.5418315198977006
-0.5738449012458584
0.5771274881062693
0.5843589944656993
-0.6566808167500433
-0.6640596511025705
0.6669445316107612
-0.6735258287310852
-0.6767977605492221
0.6781942754932218
0.6908963206061873
0.7011695477922137
-0.7030911535137832
0.7055943757914824
0.7241141668661915
0.7389135072931037
0.7498236821325674
0.7503995190521109
0.7710117991352337
-0.7758531483071287
-0.7762410573181793
0.8026687116114553
-0.8112953962450915
-0.8176870338700324
-0.8190901012118181
-0.8202166277526513
0.8385000363093402
-0.8513905222810287
-0.852183894879248
0.8595854534353802
-0.8618172669036834
-0.8736040087883032
-0.9167458275080196
0.9445944917004838
-0.9612540689810354
-0.962674558223795
1.0082892847599645
1.0185022766276335
1.038280693262971
1.049273162685843
1.0913970815823077
1.159663799733369
1.171470606836869
1.225484729555924
1.2616288349580733
1.2989236412509282
1.3029870156560666
1.308576819681103
1.322707431255247
1.3368125831571822
1.3964703117135437
1.4331599305552802
1.4905689575518908
1.5018873810801283
1.5095492719958425
1.549588224585786
1.569136586517517
1.5795551050348937
1.5877981235262766
1.6031818342311244
1.6526178099883708
1.673847508716647
1.6814975042188989
1.6925005940931461
1.705413131847831
1.7087664298651855
1.7106274699857327
1.710636229947279
1.714414059802547
1.7763863403221354
1.8115891560286688
1.8267699951453737
1.8536116399708726
1.858891240202884
1.877475012579307
1.8805261714133685
1.8934281436797638
1.9354030608658261
1.9535886599312047
1.963084066260672
1.9887445609538834
1.995368185880424
2.0445919254568254
2.0457116829202047
2.0494109762708628
2.0682284298465117
2.070404690150992
2.084609715842676
2.0910730674711866
2.109442443790419
2.125220871656071
2.1297934743992117
2.1338037960261422
2.1546651746564356
2.1555698535419605
2.2070683744492463
2.281613747444401
2.3050446807698792
2.310903825745032
2.32521056484134
2.3542135987108805
2.4178345914734383
2.4193217097139597
2.462960551638056
2.480007453806336
2.5129442880945456
2.553457825757339
2.5676233862070124
2.582589902876996
2.5950295096518925
2.6319401402381724
2.6753800827816576
2.6819245256611555
2.7171132486570126
2.7307010378233665
2.7638461055252197
2.7701711996417595
2.7945466318944643
2.8097260129191355
2.8417802394334126
2.847510557107003
2.873654592872722
2.874797863512237
2.8909058358869153
2.909703110272477
2.9106169278383023
2.960353541070745
2.9632896957712207
2.970050602901899
2.9746471023061876
2.9926371302594976
2.9992085696019752
3.023987556131659
3.03087589196835
3.061367681981501
3.0757253707700105
3.08703337676298
3.0871290100562048
3.1153586017082713
3.12118017923519
3.1502623394028815
3.1688346645058285
3.2012549769651475
3.202512504100942
3.214007972185062
3.2399787046701833
3.242966237217524
3.2633779828857374
3.2678938705118163
3.2702144616272832
3.2704640560348306
3.3782924985936758
3.378514127410181
3.411469447945084
3.4124895743047734
3.501833871459098
3.5257917973335253
3.525873663960092
3.5876769726791586
3.6235363687794013
3.6241256780290074
3.64349907323001
3.6508756666705233
3.7024945111222216
3.7096062778857144
3.7135791675496934
3.8012133957250267
3.8029740995323236
3.833039944192337
3.8510972117051585
3.8583253346357305
3.869648040998979
3.892245670954763
3.908561038164244
3.919435935648787
3.9297043456267247
3.946857354467779
3.963666960366602
3.964013419443077
3.992338362868641
4.01584687637208
4.016008304053397
4.029252933737707
4.0487904413449005
4.049451906238707
4.055450691298644
4.070706554450016
4.079067852828174
4.111677647485584
4.12301044085493
4.129606295271814
4.132781145428949
4.143616866968511
4.146158826444788
4.149377766816755
4.154848354138172
4.159246417334358
4.180261878787113
4.180601674987512
4.185289562254502
4.194727543725983
4.203439942709366
4.222041349809709
4.2560257877019145
4.317650608218788
4.334759214476235
4.358717233821393
4.369153989118573
4.423825427040188
4.426577407470874
4.445679663698801
4.44796053424228
4.459765649838365
4.464869974539421
4.5007573831617025
4.525172172931417
4.551805775107162
4.552810815463801
4.56516425289141
4.587628861503767
4.58924833871194
4.606851285035519
4.621929919216492
4.652923996089711
4.68753726971197
4.703456278919666
4.724597096143917
4.725207876033379
4.744371517760811
4.74557576266424
4.746171307722969
4.748386475625505
4.759541779098478
4.7846387574142
4.795085430570507
4.817510648406884
4.833641815335453
4.846470506785795
4.859277054890618
4.8874457000192315
4.90064788652565
4.914767565779824
4.9286986710652165
4.946090125616517
