-0.015799957703105827
-0.030514282348634625
0.03281651217288717
0.057903999068444456
0.06681960014526189
0.06920595582306821
0.07580887307225037
0.07865585050923851
0.08000627357491652
-0.09748432488252012
0.10078377822327611
-0.10442287667544137
-0.11016486455909935
0.12350051821221797
-0.12457127800474366
0.12495254368469255
-0.13065125567658886
-0.13396931599487005
-0.1501986909600086
0.15054574158079292
0.16008859728564273
0.16024991114709008
-0.1636485197908899
0.16992878658024724
-0.1914576587916743
0.1974289314064872
-0.20617431987525814
-0.20788448198189213
-0.21146553957451775
-0.21454527234538445
-0.21922351130385853
-0.24674078659127474
0.2524602824222453
0.26643961386463033
-0.29076209966125144
-0.30285767510177797
0.3065032043365048
0.3113230071490194
-0.31205517502129165
0.31233689179385915
-0.3157340120525425
0.34147548643090353
0.3509729283674987
0.3555109269447929
0.3722214344322925
-0.3859459381975776
-0.42720055272087154
0.45033759844383714
0.477907805703103
-0.47791402879616496
0.4780339810843308
-0.4997587799474046
-0.5000604591058642
0.5056651259124956
0.5144301745230646
-0.5204186898391405
-0.5256488869650917
-0.5320917979318769
0.5384126740136757
0.5388189781142978
0.5499141250154658
-0.554342019116097
-0.5602721533405575
-0.5760646384992059
-0.5788192632804325
-0.5806736822287266
0.5912598065196619
-0.5930603858733865
-0.5973587262540421
-0.5986223418244794
0.6004428000670408
-0.6075556522038505
-0.6113061264723163
0.6377298142804333
0.6447085721082733
-0.6453437309998398
-0.6576411176007786
0.6823169407018932
-0.686827106180588
0.7010722961872167
0.7194565337565493
0.726840621206309
-0.7435173502081005
-0.7470264508649582
0.761967628681919
-0.7627059722694178
-0.7710179297663968
0.7781901707316807
-0.7831197417711444
0.7862732115150961
0.7889263165939102
0.7908120972222485
-0.7918070238155628
0.8005995555511605
-0.8288137998897498
-0.8569782271671058
0.8608177961105741
-0.8794887971761027
0.887934054758976
0.9057353797230339
-0.9101066678456342
0.9303100959201271
0.9447899678343861
0.9467919488880843
-0.9729715511238415
0.9752276235117663
0.9959225751882235
1.0170356713750848
1.0249664563867644
1.030212488966192
1.0460164888442058
1.0574585058535968
1.0717329439824859
1.0778108452766464
1.1034560927753887
1.1072208665753598
1.1281716720701986
1.1718741385488607
1.1891763596495948
1.212731055970223
1.235908546746554
1.2647910343947522
1.288886031679021
1.3397743679786873
1.3451320209210111
1.4066422737476207
1.4283376832844978
1.4361679549736
1.4563486432250148
1.4658828605105834
1.4741599935863814
1.474561905852502
1.5170615106227308
1.5198892583855041
1.5416793037053855
1.5539783178985416
1.6282322541299785
1.6553820575247364
1.7144073656275007
1.7760674296910262
1.7771663854943958
1.8317696906167154
1.886422079237434
1.8970763212208985
1.8996769516292784
1.9204228190149144
1.9249964773616357
1.9518878996554383
1.9729448090963473
1.9933344519078302
1.9977748533202324
2.014966357351968
2.033688682934944
2.085052204910828
2.100894142691259
2.1023634652794474
2.1210395276009897
2.122832950562006
2.137723340990623
2.1389909532683804
2.1408498100963014
2.1653835757785114
2.1735450289304565
2.2029816792657018
2.2650984408305086
2.2794796186897424
2.3091346840063975
2.3879531706499675
2.4098251560450503
2.4281894717297505
2.4468945727957703
2.451682153165217
2.494850387695947
2.496757551771413
2.522178897577625
2.5288578227604566
2.5311906354322726
2.5640133732240606
2.5927820326144926
2.594478064552928
2.595353150607157
2.6017418033254636
2.6027165492501005
2.6072990840574573
2.627460542133938
2.65780465218027
2.7011872377053248
2.71943824560778
2.7367806761867977
2.7727468147332455
2.7895337984057798
2.8025392343975644
2.80557983890429
2.8555832932663607
2.86872755742941
2.8913567005863783
2.8935374663286297
2.9181900351686414
2.9554436193807563
2.956510582279746
2.9726799820885548
3.0000016247773136
3.0134817890781846
3.045279578546319
3.0511085769257402
3.0538265909497397
3.0592651144307297
3.06557505799959
3.0974384352446904
3.135147889027583
3.138224211292158
3.1502900350668437
3.160695385849009
3.2234153665626586
3.229619047465688
3.2462130038868287
3.262449575674018
3.2903070266507735
3.2929941598692913
3.3028667112004237
3.3290665704998466
3.3331351812923717
3.408181449043658
3.415715395037413
3.419748145363913
3.4511516549060275
3.4603265952830062
3.466404428489091
3.4744574374893045
3.5000543500411787
3.502678258292021
3.505193291765984
3.5292666217740667
3.566207487109164
3.628893475177998
3.646605801537693
3.654685489002726
3.6578622801194536
3.658533686316744
3.680650683253635
3.700170722332105
3.735614235573177
3.7463066487327046
3.763014435083633
3.7646310535351653
3.7711128756289973
3.7760428854980264
3.7818384893501786
3.7858303545209724
3.8573555646607254
3.8610730666169815
3.901935239824857
3.9191760077585
3.9396496635774696
3.9866880888868135
3.992987065815247
4.017604769393342
4.025485432418016
4.036867651253618
4.071590541615212
4.099002128120148
4.148694751016494
4.15085952434246
4.157665558772591
4.1580181974029164
4.16329322217562
4.169194292825963
4.202896960167992
4.21732639385422
4.224185118637994
4.263556111313247
4.277776590785443
4.2838308286408076
4.293420512780075
4.312831601631179
4.347285525991151
4.397935873708417
4.437748070967236
4.46493660939155
4.468958881240328
4.474575392178504
4.497283400817917
4.535188169672482
4.540722627335568
4.563158473217365
4.582502087847072
4.618173705364109
4.65378092011451
4.685659775049834
4.7414013231955865
4.7491030099670715
4.753075863711772
4.808109523809661
4.869228059433031
4.9614774264820385
4.9677061957607265
4.9705561574552
4.990177232409468
4.9908587540625
