0.002824272638254799
0.006363558096855293
0.02075884391991356
-0.03308460987856998
-0.057187363443475414
0.06056825106243413
0.0795540007979596
-0.08527131884927441
0.09712067463509433
0.10682449064064148
0.10889589305564118
0.1091531072487264
-0.11478870976764455
-0.134175706565542
-0.15030148483229477
0.1555692591427189
0.16797418687584842
0.16861953145936703
0.172430933823724
-0.18039132544937386
-0.18319423217683295
-0.18497058791483112
0.20515458376427564
-0.20838220891828074
0.22614150332035332
0.22797416202603693
0.30345748050325283
0.3071173597433827
-0.3268860275135437
0.329978711673677
0.33646116911852775
0.36197716139707103
0.3695835292124938
-0.376101871126731
-0.38851216926769494
0.3894484796022768
-0.39053951850229107
-0.39726658823316585
-0.4285849295602602
-0.4367261966550573
0.44025881056285754
0.45406344533204246
-0.4543453270410567
0.4801073288848272
-0.4950616052200023
-0.5204405947711255
0.5423969658745031
0.5448420658933191
-0.5525220615532656
-0.5569197203810443
-0.5644435684593336
-0.5917646725528747
0.6011707515563971
-0.6034973859367498
0.6068521313486914
-0.6082129518299111
0.6091813485008442
-0.6197010094249455
-0.6330701881502516
0.6355914935497549
-0.6406566322136475
-0.6626056463540828
-0.6885994708567551
0.7080682826714748
-0.7175024622622646
0.7261248577007955
0.7289194120878533
-0.7622164285938149
-0.7744158842031197
0.7882891866036752
-0.7914152813765878
0.826084637879106
0.8273281800805876
-0.831765834455527
-0.8343302642231778
0.8413641549503958
0.8553193224658928
0.8669854550435643
0.8734720646154726
0.8788193721265625
-0.8799875408291289
-0.9046534146778626
0.9083605686374912
0.9274149943028136
0.9340066882709139
-0.9600922159765579
0.96286091113182
-0.9662262944085616
0.9870554535187379
0.9899971082808146
-0.9923297021960382
0.9943785545859076
1.0250572525220756
1.0324632230195308
1.038016319919651
1.0743294491144653
1.098279474425468
1.1075540940318636
1.1525720001408275
1.173343668611361
1.1944522335660186
1.1991646384359749
1.200231793412292
1.2017766156005028
1.2184066098187172
1.2184514562164948
1.225604558832754
1.3084616675132081
1.335766821816843
1.39115755703435
1.4162514415390342
1.4293773972479586
1.444662854222356
1.4604665862970814
1.4613137245929302
1.472953277624204
1.4812145944788622
1.4877602774830914
1.5014605606498428
1.5190495350244495
1.520803749940093
1.5537220804305782
1.575743394031766
1.6194225849678494
1.6249740314447445
1.6609378795513958
1.669803016366926
1.6780481998835404
1.6948984752245964
1.7003834561866977
1.7730214070780685
1.7980338655343555
1.8036225497430025
1.808111969077049
1.8085654113588188
1.8107100464258727
1.8124927458289903
1.8257502812558206
1.8270626604152067
1.8308512727693556
1.8411419095310197
1.8747260643406642
1.877031811767889
1.8873423365826514
1.8909403600591914
1.8922802138062975
1.903143186627732
1.932325524051298
1.981328072383583
1.9816391878209734
1.983808978447715
1.9879557474335101
2.030322138203569
2.076443774191179
2.0807981302890903
2.1056530805543705
2.1216228362648746
2.123018868701905
2.127589058738528
2.130032030429264
2.176388373593488
2.187504941179858
2.259955904395546
2.263167284574985
2.310844012460576
2.316071740837222
2.335861908710868
2.3589049649925258
2.370722543789138
2.374942815906962
2.399105792560645
2.402738621094005
2.4123578264830985
2.4232268993875303
2.4464306917366665
2.457254372911524
2.469266127122266
2.476766914370657
2.4795164690965246
2.512281502595754
2.5193996240242367
2.524758965465807
2.5463958328925087
2.5909820350829422
2.61034081846502
2.627580245361121
2.674851899110334
2.703586023812056
2.7151431364521317
2.7268045168318027
2.7565245908221385
2.7606770026606684
2.7650854761773864
2.7721544263696707
2.782456448717565
2.7921929331413438
2.7958093458162843
2.7986676810167164
2.8277799480033483
2.837131570034551
2.8685817811613736
2.8748752801105617
2.883257847873298
2.886895195796619
2.8934502618615303
2.9009965235943023
2.955310266634229
2.9608527706233128
2.9657265212783015
2.978367081191365
2.988249104051283
3.0004537919413448
3.0175046770708125
3.063568861029565
3.0857087078620724
3.091651132936758
3.0975942048180958
3.17824591797258
3.1783529675317492
3.185621328150284
3.197799152933931
3.2115292057365235
3.252383721754227
3.262601150898943
3.2865383965423867
3.288461134504896
3.2969267796597572
3.304415750185102
3.3090399218747386
3.312281895268554
3.3168944715450897
3.3329517379884717
3.3441361671081253
3.349678169421008
3.3920016376650484
3.394601449077225
3.4066574929078177
3.4183518098307157
3.419830059985065
3.437427857905976
3.4962031594896956
3.558308648646894
3.6401464775828885
3.647681885956832
3.6516496972278283
3.672668699252106
3.7131461990278307
3.7169661323111987
3.7396038998927406
3.751867019634374
3.7721566707838914
3.797104848702368
3.8100781809340862
3.8325937002156705
3.8469745935235364
3.8874602958104525
3.8896484824168374
3.907109729271008
3.934564439121557
3.9771591216105957
3.980548943898855
3.98246693471145
4.018581929167534
4.023847899446077
4.110938698422754
4.120929940296523
4.128088994699079
4.13724143803924
4.143149912064353
4.159660704754659
4.1911527298940285
4.289588667760197
4.345066398764838
4.392620684060279
4.400588626346447
4.436453187689136
4.493234730884862
4.496551468517467
4.529983936499845
4.545027095602792
4.553698972850899
4.571266004354852
4.579346483070896
4.623350501744311
4.684151806073052
4.710329083934978
4.719580448991576
4.727347412148314
4.743539415077322
4.743945060430371
4.773729329541908
4.803004244392236
4.8043646830896725
4.832433941555642
4.854793750399267
4.859245444995717
4.868642780117816
4.902101186309187
4.993108632005404
