0.011566844080546534
0.011968458562629847
0.013454293611929957
0.03107399987022985
-0.03297622441976267
0.03921570674703778
0.043778228791953255
0.04712307744782063
0.05080429773003137
-0.051266249346122894
-0.0658363474258008
-0.06786754839274733
0.06975316231691675
0.08208865308902391
-0.09729476316644603
0.09749918151147274
0.11286405306539371
0.11604240169268865
-0.12017994874804683
-0.1240623707675026
0.1246962307714008
0.1495333804729737
-0.15732474944954866
-0.15801095605012927
0.16281210255636092
-0.1668658361208708
0.16764821466843638
-0.168644852467577
-0.18342510050779492
-0.18762363516480285
-0.1913948175132547
0.2025054039003913
0.20977470270808274
0.2104405664986515
-0.2109572849700645
0.21177772525974614
0.2147161602346459
-0.21570543189587088
0.2211570378074652
-0.2457262122793702
0.27385442765929047
-0.2744292461174891
-0.2827843374024954
-0.2967547906512602
0.3092573364096405
0.31905936542058133
0.32425855490838207
0.33256083178807927
-0.34400765312658876
0.3470902798993345
-0.3512390753413315
-0.36249532022547637
0.3634250566023167
-0.3648444208949264
-0.367326377511183
0.38395834386115046
0.3844507108557773
0.3900867244491988
0.39292493268904116
-0.40531293088530806
-0.42043409692200506
-0.423098549702706
0.42536913190113723
-0.4378690625133195
-0.4654700465407706
-0.46900657379277
-0.49176969606940246
0.5040561011235669
0.5164164543894605
-0.5374938739916317
0.5435529146092635
-0.5520290891411006
-0.5576001610845311
0.5652261208474259
0.5682859411579799
-0.5779827264871638
-0.5806853106423113
0.5832968719718057
0.587395914334202
0.5953841910179887
0.6004627317940683
0.6109283857782584
-0.6127148645606904
0.6301807018257191
-0.6349981857515048
-0.6622523619774019
-0.6657727065588164
0.6720918126176323
-0.6759859114918776
-0.6765693523111702
-0.6771763258439507
-0.686961290461809
-0.6911527424805264
0.6951769680613769
0.700980528372283
-0.7066577441091906
0.7124445421947918
-0.7299870214321367
-0.7386714059015844
0.7466390790246444
-0.7849431397204949
0.7875350029809967
0.8113091043280345
0.8159567511942458
0.8190784165932936
-0.8399352297916256
-0.8429616138023521
0.8605439730639044
0.8627192597303992
0.8675802094006342
0.8804254060217644
-0.887811299429581
0.8924887466181064
0.9073931500422354
0.9107923160895461
-0.912109251224684
0.9970452026310594
0.9988971264343123
1.0076836482858837
1.008230708061845
1.0136342905482403
1.026604755531932
1.0782658455471896
1.0865368310816312
1.104550898306028
1.1342705054290567
1.1721377456083641
1.2194162985575918
1.2432931490214152
1.2460277538553548
1.2744790394055086
1.2918278364490847
1.2957936050270105
1.316640774603429
1.3280772635267772
1.3342305352954238
1.336451828082354
1.3566176428582635
1.4441752968741595
1.4922119880960203
1.5293974484762618
1.5333261128890765
1.5420803468394708
1.543340355937219
1.5457689268948425
1.5742088065744246
1.5937235542590553
1.6355506681150702
1.6760605460209819
1.6933007478795776
1.7152531558302395
1.765137061316275
1.7668505289243122
1.817987555987493
1.8385821439038343
1.8729342898768007
1.9250438258657745
1.9282991565030896
1.9419894206368928
1.9611691673675775
1.9840090618223596
1.9926015802248758
2.02603802247896
2.0532641396739466
2.0742653691947717
2.0826162605130234
2.0966135517726694
2.1029640979102675
2.1770665887931253
2.177131302282243
2.1853823038413553
2.200098635212541
2.2374958146130766
2.2821077792889204
2.287327716588381
2.3116084471002605
2.3293529831554354
2.3972234189477444
2.4108476840559696
2.4265128434514436
2.5044570982383974
2.514999281637082
2.524772836093728
2.5343485472012484
2.5986030329777714
2.6222051382627063
2.626747119777784
2.6364840513669465
2.776286645304306
2.7915487160826116
2.799965439517522
2.8178765553698772
2.842332572034999
2.8922004453379295
2.9018663389993415
2.905968008106311
2.9110195234258924
2.929427135464727
3.033327807491524
3.0466709060765558
3.0764037508981676
3.087464800971844
3.1202836462384624
3.1646296787317256
3.1946879576977665
3.2081248354589427
3.2242613436723033
3.2283245415971376
3.2726538216381904
3.285731597464081
3.328804887958624
3.35203074453716
3.3616999502355576
3.374070461531323
3.3901342441395457
3.423815852984405
3.4252663095054814
3.4352415322548175
3.457454781936902
3.460461687736336
3.465939748664412
3.4916950717371735
3.520127090451054
3.5675895295001485
3.5819308258092724
3.5853978473028283
3.6216614939787535
3.6363723752594224
3.6369165262204017
3.6606752331107337
3.6776741471211123
3.691486308002455
3.70301040969316
3.7093418460138388
3.729922200698458
3.7311745683363986
3.732162781853371
3.7331735645527084
3.7419819086524324
3.7644467012361904
3.7811611058536236
3.790185372008726
3.796345487927886
3.815888756027869
3.8907045056862524
3.8909554278054266
3.916574862547912
3.924417939175619
3.960886888934411
3.9847994044284434
4.000443374718326
4.0018803566157
4.020004005135279
4.028911889145935
4.052217551092346
4.124616283811606
4.14789398689952
4.168296697611248
4.179270370107396
4.187025930735544
4.207152233669584
4.2082846609792055
4.210827144594383
4.227248233162511
4.2280852040680506
4.237448588920965
4.252258194142465
4.25698489002682
4.303622913204474
4.30583035727005
4.340279913709613
4.36682082958489
4.395373032583988
4.4113557167657
4.417743377256163
4.44409137171017
4.453645066070788
4.47451062472939
4.4954511854270525
4.525534611699831
4.527209179461271
4.5401728701357955
4.553642824129839
4.555270740082163
4.616907459105575
4.61843377869024
4.643626938616653
4.6632912606431045
4.712819718676227
4.733590877896969
4.7641270792452675
4.779994361943941
4.814225940978723
4.818730474605045
4.861763916787805
4.863905111267961
4.897748688422106
4.973525692483971
4.996678007320423
