0.049063626990029086
0.05866237911525651
0.07956737108635337
0.1057871890026838
-0.12161752397854242
0.12661523056803858
0.16376108078746565
-0.2014267000254779
0.21089208150372785
0.21371706916229916
0.22253399659467
-0.22689644963668787
-0.2336669442642738
-0.23448127446187828
0.23533475889188527
-0.23634284985967602
0.24935135026594035
-0.2520132727649702
0.2539728777388075
0.26501348767264
0.2887571272638534
0.29267046659793694
0.30305829474575297
-0.314444406041682
-0.3224746383409085
0.3327947826044715
-0.34049725720989765
-0.35574829839720534
-0.38940168934439834
-0.4103242567985894
0.42915191131284214
-0.43822188920463145
0.45441661437902225
-0.458775479811975
0.46128435469369844
0.4615214840886077
0.46830998377443933
0.5037568933895438
-0.5069075441556872
0.506977010669871
-0.5099600855949862
-0.5166607336121753
0.5290883723431161
-0.5322230053120909
0.5330625435969158
-0.5568495076871414
0.5649626616094081
0.5679860203867548
-0.5719296899830406
-0.574192328882174
0.581589347103197
0.5911107826643274
0.6025220585035158
-0.6205338818345905
0.6320204308970436
0.6329821277654271
-0.6381058114849891
-0.6556210488385847
0.6674292636041974
0.6679488199735413
-0.6826981620128991
0.6933349359007277
-0.6947414777575303
0.7028006212187807
0.7102322499002351
0.7274665314380397
0.7314793034801979
-0.7326935724190546
0.7461154096992815
-0.7789793993167538
-0.783666419813212
-0.7837296098459476
0.7897981800401919
0.7938507815198874
-0.7951361337056648
-0.8215854385222348
-0.8401630612483848
-0.8538201267567167
-0.8601160480539052
0.8691251734478795
-0.8713692549279786
-0.8809007257612302
0.8958387902777343
0.9003139183296041
-0.9545327608100771
-0.9564290583007364
0.966450262983376
0.9702425678291011
-0.9803554565409449
1.0007151107436343
1.0258061884979286
1.0307374092499044
1.0340337448381858
1.0700811631828064
1.1074127716164597
1.1094097276877504
1.1208523586923174
1.186682041871097
1.1930211862676026
1.209780934188882
1.2127471715199616
1.2271605748800392
1.2304264033080434
1.2521006328320872
1.2528354714387548
1.2564295101124845
1.2708268075124716
1.299279340807328
1.3083541295614998
1.3206867091655274
1.3380468056096877
1.353165427783018
1.400725463716221
1.4647477146519545
1.4782367338099602
1.489862709777234
1.4911060920342671
1.5287612139091893
1.530325857698112
1.5385025268855026
1.5872749987376538
1.6022976586818465
1.6095134591619686
1.6537991945156838
1.663581195323692
1.7440197692907153
1.7764647260045634
1.7948534808400671
1.8018002280414929
1.8299368998678816
1.8373333401112677
1.8404453027615748
1.8560405396937538
1.9134665889032414
1.925170938482883
1.954782960754232
1.9898217033595769
2.0177639986471565
2.0808942200081226
2.109735284262326
2.109975845035133
2.132106318494979
2.180836945744397
2.1920708000498212
2.2390509588774155
2.2413217258724645
2.252266596558467
2.262231306191354
2.2778456306483506
2.297391939007459
2.2998170509373983
2.3130334398784345
2.3341205327348327
2.3439292641885876
2.363198462190761
2.365346477370469
2.370545107905543
2.443601372874177
2.4760467025032584
2.49068916648793
2.499993179547293
2.5181227542908164
2.52581057738975
2.5382072987253625
2.556772954906843
2.5613150746846207
2.5633489734139228
2.5785524585750568
2.59408547036581
2.6204487228669446
2.6607359718473385
2.665302222679878
2.707703867672133
2.7692421613282407
2.7757407398532035
2.8380060712583353
2.8386190184600584
2.85674900722795
2.857395226319885
2.8635033249264303
2.869864594835935
2.872138613138162
2.8732329453780743
2.8990838162324586
2.904470600963469
2.9127891206249323
2.9811435907752237
2.9851629824233905
2.9892814452538143
3.0291153078172863
3.0529494957428884
3.054708614911303
3.0673424942493774
3.072765322502474
3.1073058602981742
3.1772829052169023
3.178486303948069
3.1876966264137483
3.195456530108931
3.250722147714055
3.2550752905251414
3.298459441932586
3.326097129090675
3.3323143707898684
3.3584232471094912
3.369030807112127
3.37284895882721
3.3829439579537164
3.412839290442017
3.4322328671120133
3.4349186278219337
3.4438253733804274
3.4645188880664843
3.471316944328702
3.482335505982107
3.49512393193622
3.5262478449773846
3.562526866016352
3.5676405528240256
3.574618417616522
3.588619945241388
3.620277941653198
3.6631270962282336
3.6688614794721115
3.669036055452872
3.7151971260836474
3.7641328245862304
3.791460518427204
3.792771711273728
3.8020905509866614
3.8187460926050765
3.8229004517194287
3.8303696051256875
3.840524619593972
3.897963707178623
3.95232717176631
3.958115555116996
3.973528128805037
4.0439487156230705
4.062202643288206
4.062423739737584
4.063208654784873
4.0743420850534005
4.083112129549736
4.087229774007474
4.102683734639354
4.103516846441371
4.103699174081088
4.118404225464343
4.155443023602298
4.158161017145055
4.172835489320836
4.177495836452046
4.187444435438171
4.205247840716565
4.228285577805353
4.237316084822384
4.244504314466572
4.267391163078153
4.2928912067518805
4.336982995613407
4.43258529765453
4.44480844743035
4.450630435289512
4.473455071035139
4.4790171050090235
4.53489319807179
4.556899434258894
4.575002931823972
4.5757073596593525
4.582094290800937
4.595337308565761
4.604063835340342
4.604590401105666
4.616419489417108
4.624150295981213
4.646006300887496
4.658630553406272
4.660911584414893
4.667864788109235
4.668821817125986
4.674367149588932
4.695931164132584
4.701815068959994
4.718646982345847
4.720159965329288
4.728109566449752
4.796231606626041
4.800794380882721
4.817596920406582
4.846142269084529
4.854820610322999
4.876149543637545
4.901979570876209
4.917384996850047
4.9397949770500915
4.964151556659255
4.971675939342129
4.9889493041757085
