-0.00277514089725428
-0.00320043445485263
-0.008500027157397616
0.009265050617641934
-0.07352501266259459
-0.07930950177442808
0.08252841786505782
0.10753054468785828
-0.10854572815120256
0.11515081886421052
0.11882074374765228
0.11903228748674755
0.12815249263291673
0.13349023555195427
0.14185470710119863
-0.14738116677987723
0.14833096335602858
0.15136622411151435
-0.16817519908158673
-0.1770005634909293
-0.1886309701489648
-0.19582961698345436
0.20766676403103124
0.21530333850836847
-0.2232575420420948
0.2234404895134079
0.22548826472810535
0.22872512245267806
0.2609689109292639
-0.2692792916100937
0.27795014406116114
0.28280139643051383
0.2850086578532507
0.2987377820351127
-0.30106688546511884
-0.30676913444983267
0.3076344173815133
0.3102443186322177
-0.31045367705515203
0.3128381722361506
-0.3263971844078435
-0.33231741106651747
0.3374120786306636
0.33952612539358284
0.3481247424841616
-0.34883786081175483
-0.3519696254529332
0.3539739079267854
-0.3564233319363026
-0.36514507937218244
-0.3787482891404994
-0.3930045491443961
0.40969774000351
-0.4234109022535508
-0.4258305325449243
-0.4296692965226243
-0.4311737352778069
0.4406583717615995
-0.4444989964582249
0.44786149141335296
-0.46437602468571515
-0.49253737923981933
0.4966618919579584
0.5258044762386542
-0.5501282075454517
0.5604628488118382
0.5625448175756211
-0.5864424767843495
0.5884102806312366
-0.5886542429012134
0.6090891627124353
0.6187625044681215
-0.6230109221282447
-0.6295649883796299
-0.6307221271443941
-0.6379620203351608
0.653325868036434
-0.700901772482579
0.7327496411289205
-0.7466891293097146
-0.7603318446529197
0.7803867954240298
-0.7988595024482115
0.800850472764091
0.8179180839529854
-0.8373244200482455
-0.8430054863715737
0.8430379032561339
0.8576077769465307
-0.8600623697142407
-0.8659514565665105
0.8706434332965591
0.885230450245504
0.8871267476413678
0.9767211839501069
-0.9867431348296789
-0.9954359660374954
1.0571220357193192
1.0780933035788767
1.079726072069219
1.0873013958571538
1.094165378436796
1.117067311019421
1.1211779945094147
1.1362282576553508
1.1754947621953589
1.2664408386798747
1.2832571709364227
1.2924763592057822
1.3030853304245391
1.3218396370054153
1.3366307479777757
1.3418527792168802
1.3719214509699982
1.3951619344664614
1.3972032811366857
1.3973895970065011
1.398698909488111
1.413893333438291
1.4468603871438477
1.4529447663092125
1.457925262680075
1.4878579291951217
1.501717211664979
1.5278737123362518
1.5397920140056116
1.539988173760504
1.5568729851007648
1.6042115437290883
1.61272527803035
1.6135645049591294
1.6598837900070382
1.6812202612715357
1.691527477715261
1.7464823692490592
1.7519513963928315
1.7701804943512034
1.8010324525559875
1.8048461096384978
1.814106930425753
1.8238305602762068
1.842859898121127
1.8465037804252984
1.8523810710713207
1.8551179040134729
1.864793772289798
1.868239808672465
1.9401463967663473
1.9436310718976921
1.966735320274596
1.9836908700859333
1.9998873662071484
2.0068602092306236
2.0427238293099874
2.0578292891980974
2.072485075499846
2.0888655911149447
2.1484772736156446
2.160626078302335
2.1644286221971423
2.1681483836710638
2.1718187464342047
2.231507917558311
2.277598702940215
2.314458693614261
2.3546800193148236
2.4126181462449345
2.41427432444274
2.459276575094632
2.4594266191587586
2.459951123478336
2.461445754084814
2.496666925033148
2.5053562489809256
2.50761924503518
2.508517800916458
2.5099894310891853
2.5445103749504083
2.5593045791263096
2.588005010803991
2.599817709391346
2.623495163354118
2.6347973477572397
2.6462853481594264
2.6715065065153967
2.7018622677054873
2.708206013131316
2.7227573760415247
2.735739001645646
2.75019718683669
2.754507695278785
2.7848736366464006
2.8163200850972014
2.8233383049758833
2.8388927266269794
2.8495024870979977
2.859853319481519
2.8798246539411543
2.902271512025117
2.931681422826422
2.932844185665874
2.933824557838665
2.9829534682905634
2.9919823487802484
2.9996361935502263
3.010603345983154
3.0394175487138835
3.063461347719496
3.0697145896924116
3.0755658140778515
3.091257332589498
3.112482001883804
3.132065415752753
3.1412114345537203
3.1530636856913556
3.231174206892282
3.252270352963052
3.258319653915427
3.2733702420375135
3.296405760438713
3.306896298034533
3.3361543563069187
3.343987086663777
3.3489325277632283
3.351718899237092
3.3548117815059024
3.3956171203701357
3.4118356820376983
3.4150712865280006
3.4208754263434216
3.4511075510916696
3.475110872979265
3.502648274641631
3.517429381181632
3.5555121977098114
3.5711010312841633
3.5905152588286606
3.6154260917163903
3.616192627722496
3.616517105927471
3.6433563199911507
3.652532133875729
3.656121685064571
3.728293693063522
3.7678431385814246
3.76877437553021
3.7717023637447404
3.824291200528979
3.836216355938043
3.8664391132711833
3.8904308112071924
3.8949253631426073
3.899791414018148
3.9367292628430155
3.9951406906667097
4.006586519134841
4.026317495175838
4.029569980285098
4.106823384629553
4.122868507173134
4.190782981549857
4.207574746614052
4.229597075452954
4.247076820383286
4.257716030926805
4.283085306174936
4.310648285025547
4.3192168028688345
4.329623245535635
4.455937701847239
4.471256426352726
4.48012354663892
4.496509275970778
4.5958269271517915
4.606270881364851
4.619756912436255
4.623653041771628
4.652434623600588
4.662325909960887
4.666101924866387
4.670194204266676
4.686357243240106
4.694532757300566
4.711819199421316
4.719732281482166
4.738917819955735
4.742609777736671
4.747561535896518
4.749844101771122
4.77165283283577
4.807767554010129
4.826941743978011
4.837659156014066
4.843311719024776
4.845834138252076
4.8802614776505955
4.910268649963023
4.949090791210625
4.986002637182308
