-0.0020497590777801555
0.003351984812026476
0.014439343794041548
0.03740253348767797
-0.039693929240728565
-0.04720490062444993
-0.05825301487948953
-0.06275539411030207
0.07764825100853656
-0.08040213008804398
0.0815109559338989
0.08389367734125064
-0.0854363160046463
-0.0939889571878112
-0.09513228308306587
-0.10646651308896837
0.12586540343141062
-0.14237642195256006
0.1530774580158103
0.15952457525470476
-0.16283052548570076
-0.1712679012333127
0.17851310873639714
0.20697121371432514
-0.22241701378755319
-0.22316548385856128
0.2281395209129755
0.24789977514312334
-0.2501608098132242
-0.2578908313141186
0.2631325208527622
-0.27967095802829256
-0.2900445188686338
0.29864575201500476
-0.3083990535278769
-0.3162912757215044
0.3216759642013749
-0.32206495651444667
0.3224043857472203
0.3418852620907584
-0.34202688118649194
0.3432438537230209
-0.3461046736289013
-0.35073398271855205
0.353128119912147
0.3642890723622296
0.3824344103835682
-0.3933986769233093
-0.429282702369401
-0.4359870278626552
0.43696893154325434
-0.44288742693192473
-0.45876207190441476
0.47674950146425954
-0.48361115495555684
-0.4931443628796164
0.49467748579103876
-0.5042284492698226
-0.50751920539499
0.514740416116017
0.540457860663901
-0.5504294478698615
0.5858388852084917
0.59724716731709
-0.5974970237158033
-0.5989189138654847
0.6185528170516079
-0.6186138537316146
0.6229152641656945
0.6340111741196095
0.6348280114657034
-0.6398610574948684
-0.6496680879771244
0.6643754161879891
0.67726806167796
0.6784441160654264
0.686785350830929
-0.730741093726081
-0.734728328387585
0.7399384885156175
0.7539221150617512
0.7600304363142776
-0.7899605015832118
0.8104778067405463
0.8182703539436598
-0.8287915860144506
-0.8314160527888415
-0.8318522995696309
-0.848035918325051
0.8584404901887697
0.8609655664415996
0.8912833735737591
-0.8964763803095959
-0.8996776610608925
0.9088842891158566
0.9125286934526191
-0.9184358486594673
0.9198684790078999
-0.9205714072368782
-0.9348991315131987
0.9400461422847746
-0.9468442828735899
0.9538332512715675
-0.955281743263144
0.9873269068211128
1.0175356947771976
1.0272349285326765
1.0644608015975718
1.0688530022350462
1.076566280113604
1.10892784667824
1.1145687435098504
1.1552453286968216
1.1678875703276823
1.3210711727136877
1.3338218739264835
1.3399325577907453
1.3510051560090366
1.363034653452475
1.4303948318617792
1.438781853581097
1.5059752436223075
1.5060386651487896
1.512671604711942
1.51479805397146
1.5677540119880131
1.5746226562619965
1.5757071735947084
1.5908010863498383
1.6195394415688056
1.6529960315825427
1.6706022477675768
1.6755273408429723
1.6831019916721721
1.6935842570956074
1.702768060984007
1.7058628420569955
1.7211959798176997
1.7437568402495973
1.7447218737363928
1.7480119027149046
1.7658465078735994
1.774135383037171
1.78684391830368
1.7970527540439156
1.830667023660339
1.835657837177644
1.8511111950661392
1.8644284885646636
1.8723386118785306
1.884305226806939
1.8878626327492354
1.8931629141902047
1.9312499747452172
1.961604266241591
1.9674969703024607
2.0076680258626185
2.0167116925479576
2.031655245417686
2.0437734026340966
2.1037899613000857
2.110380335805531
2.1322621908792505
2.1468531429940994
2.178305671750028
2.2060052182546626
2.212949067512757
2.2163947402534676
2.2295618310408862
2.2728878079243326
2.314992215337387
2.332261830447254
2.362934098610351
2.3837098064889624
2.398677989476268
2.4099125016789182
2.4446802696001306
2.453524786973375
2.4552417884069566
2.4760026575557266
2.5055896328417337
2.5063885810053312
2.511151754637188
2.531510779801489
2.545277891687084
2.5587134113691903
2.6000768871946702
2.7174899850757197
2.8119506921681934
2.8373092647802487
2.838056632815114
2.842938072689587
2.844248040289332
2.9042779881548184
2.9091329508687247
2.9372555908954356
2.94149594993255
2.951260211970205
2.9596227165360096
2.982500752585458
2.983990483135852
2.9848665839867756
3.0201383006114995
3.0530352869433326
3.0893863960498935
3.0991422875326213
3.107141297256364
3.113410246180539
3.1178210837951035
3.1322926878797315
3.1473031265150855
3.1829426191583554
3.206138026311473
3.222146966325644
3.224199787854319
3.238951542532254
3.264804781373039
3.2767459549880904
3.3086233413634183
3.3229011234793617
3.3308765738576724
3.3632211291499248
3.379933124813018
3.3998929081838876
3.4490390291950277
3.453047506145518
3.5013969304910013
3.535562553972081
3.542896800179987
3.550563550296288
3.55341715369821
3.5569512351501658
3.5670758094993333
3.568605614904646
3.5726945140146036
3.5937962773972183
3.6141375531725544
3.664557019262297
3.6795889011821137
3.7615939522521984
3.7997818346358025
3.814807403166741
3.822916679774215
3.833546018825257
3.836474738447764
3.861664469202231
3.866473599469841
3.89149987056242
3.8976446140009955
3.936276813970883
3.981882795972057
3.984822818045365
4.004114939137749
4.019033643116561
4.035483701816265
4.044644903892657
4.071047666068111
4.078949043696404
4.082358805627102
4.104996250550225
4.150169660284288
4.171844557432945
4.17762314243979
4.229939354780397
4.2648318106922645
4.312390936809616
4.334022732412821
4.3424678869242195
4.351946227602852
4.384613041615173
4.419723260414258
4.422963583277306
4.4374702142885285
4.441796665056488
4.446197412927127
4.4610956882363
4.46596567804786
4.4771605641338565
4.526812770140028
4.545213062287141
4.581929325400502
4.5839803702365485
4.599219487559556
4.601490567175838
4.651605611054828
4.71210058038975
4.730896661179924
4.744099497179566
4.763218503482856
4.766576519017136
4.7701023608614
4.86823078526588
4.8737006056737755
4.930583175960082
4.951395631727016
4.959479454757281
4.96451828911671
4.9916645175762495
4.999730546030553
