0.03322516516768781
-0.04569636481123318
0.04867499639077533
-0.05549773376129541
0.05766526299567909
-0.07207092009164828
0.07455560824069307
0.09136952240705432
0.09278401858370455
0.10457384638701361
0.12458195185378118
0.12487170694143868
-0.1290451333193452
-0.1455994159623646
-0.15493307793219646
0.1694991812326685
-0.17512453355574786
-0.1799593474073522
0.20037730370116802
0.20049723959479326
-0.20257881073123962
-0.21053421943641482
0.21284852361964068
0.21621572757578034
-0.2178508026267303
-0.21933406945996126
0.24031200774501094
0.25806991441027716
-0.26435074688110105
0.265656693032553
-0.30222053463118503
0.30396490142651333
-0.3186232434642031
-0.32008708632459193
0.33619113449030036
0.33954615797378085
0.34462689097537624
-0.3568023254751873
0.3689291151698715
-0.3703218216930053
-0.3956782608138354
-0.411152066429187
-0.4113116545446349
-0.44255773995865844
0.45480723968819525
0.4850888681321488
0.5175711503269989
-0.5213316663888679
-0.5524725653796778
0.6069966781813334
0.6309407953014345
0.6381783086114667
0.6694979706821462
0.685680215712761
-0.6902481611920872
0.6966074895463967
0.6972412654539668
-0.6999775501821184
-0.7087664292931763
0.7103518011340324
-0.7232535472366626
-0.7251226200676832
0.7266939364717449
0.7398927762944858
-0.7399743367391083
0.74006754450174
-0.7435645992600601
-0.7547068495300688
-0.765609371639467
-0.7687985819907095
-0.7780151009182457
-0.7891912474253635
0.7953012911307984
0.8065321052812371
-0.8111092455886981
0.8209097777576329
-0.828992545991146
-0.8298544504500789
-0.8352833348595039
0.8398958772140652
-0.8487201537669273
-0.8599211314841999
-0.8674589446194061
0.8899163779601498
0.8932058830425631
-0.8961030894095823
-0.9247331902210172
-0.9311556643081211
-0.934134273095774
0.9430164914631669
-0.9479133048517681
-0.9895723008357356
1.0163311342860317
1.0307656432772334
1.064052130905532
1.085078337472447
1.1125632399914993
1.130252394536099
1.1792631597241718
1.184692003485063
1.217837004131344
1.2906028055808245
1.365872209499988
1.3661379908981477
1.366624039566859
1.369209491453998
1.3758519687498234
1.377021800946285
1.4116345706295537
1.4715508559354098
1.4948656734329333
1.4992512486095775
1.5029372430909218
1.5063480134513627
1.5424025271651396
1.5439845466758473
1.554032122169441
1.5698654690023561
1.607773343283264
1.6407180343732568
1.66544661605122
1.6702443389824762
1.6952229678762958
1.7234028765463796
1.744082156746277
1.7444713971730992
1.7618526143460267
1.7700948874663514
1.7767388567796951
1.8188906896667896
1.835756458572508
1.841461338932607
1.8423541510288342
1.857003783177495
1.8686701571807935
1.8721985065448887
1.9132905228083619
1.915786941169766
1.9498034678473628
1.9592131908681871
2.0003284661500724
2.0248622617951604
2.040695535274116
2.0474600227284174
2.0535958428562915
2.09397364143945
2.1019791224068225
2.109593152459007
2.1209310237640717
2.121092106279129
2.1372589874671664
2.1882095123193563
2.264633026864977
2.2800139344555785
2.2897973003701018
2.300290184811975
2.31155880396199
2.3151498854404426
2.4175204888313075
2.4270998861722886
2.4477274234364477
2.4580169103079577
2.466391120159836
2.4888960617380675
2.4958951132550693
2.54382802786762
2.569166912658348
2.6494661249930083
2.66509479408722
2.6766618490040734
2.6883542548432784
2.6997143015693563
2.7186020237288515
2.7443684529506744
2.7447830733133056
2.7576290235087755
2.7593587536081223
2.765998332855075
2.7904672391107983
2.7970502368972143
2.8238260590568363
2.8900671796337916
2.893306864508401
2.8954381905996933
2.897783058057495
2.921344575335363
2.948482744695182
2.973543070598752
2.9855264757895066
2.987113160428716
3.0581565914070783
3.0808561628262563
3.0831424488194434
3.0835286206070105
3.122700580871257
3.1519482769835143
3.1632089286903398
3.1750230550019864
3.184326747929882
3.2307860557308032
3.2886520113587956
3.3160379159901465
3.3169158417950424
3.3191186435534483
3.322666295839845
3.3310963475358477
3.3394186132881014
3.374895951983734
3.3829701523189986
3.416229684556968
3.4604407776993105
3.505075278663025
3.5105894239664286
3.541872509884435
3.5441804172306943
3.549315133480839
3.573654158067746
3.5737125713986515
3.596547772707188
3.6627363796092975
3.6788457093021947
3.6793743691905636
3.684970655787178
3.7316255132720304
3.735641327895266
3.775428114185095
3.7808527722368543
3.7835442704030626
3.7872564436377765
3.7923003826530195
3.795166484529463
3.796213529095409
3.8416880639998707
3.864281355366229
3.870707827882181
3.875334145045753
3.8887905269666625
3.890061505935752
3.9001769269146607
3.918425361237646
3.9236390637119953
3.927520250855684
3.9362268157770206
3.962191236680396
3.981675548073903
3.9868456020751895
3.9898769912873364
4.016479814731042
4.031407855662204
4.057003284001134
4.082736489802068
4.0902865605425145
4.146674684869293
4.157318131005608
4.182471054820368
4.1897711215982225
4.203541793106115
4.222721990296202
4.247943115303505
4.269167110572469
4.285468294671439
4.291635949879782
4.294836058351189
4.323234036211759
4.337427592405882
4.368245894333352
4.381325694916361
4.399261826446641
4.4335495180117945
4.473279852992899
4.481284188664082
4.507072708451442
4.523780402615467
4.53971405438618
4.55259913745413
4.56531871265396
4.602501075525277
4.612862313572029
4.614265382112604
4.619507960370381
4.640088143410833
4.688781874027377
4.69557851040767
4.72461602284515
4.753290786541913
4.79828996376087
4.809903606833797
4.821948100057448
4.834562272078833
4.83844607663139
4.838771570330482
4.845105613727448
4.871694951984937
4.884763975497638
4.894566197526341
4.900057021417648
4.900553910470682
4.927822145863505
4.963848068814107
