-0.0008981421834635128
-0.013736281181808918
0.017541139075140988
-0.026561626928750748
-0.03156308893667026
-0.03678699346308267
0.03929362288368177
0.04717395163446603
-0.06295527408467927
0.0650644390346875
0.06863475447194989
0.0750234858942962
-0.08996933787225214
0.10061997503662345
0.1021380817517219
-0.10823225896966449
-0.11597516147856579
-0.11817710987514096
-0.1394281243680413
0.13954978357203318
0.16676794404190076
0.17994331422923127
-0.18178326232186004
-0.18700520646727958
0.19139267286614237
0.19356468027611018
-0.19538812090356616
0.21030069605065038
-0.21635678501139877
0.22859809765207073
-0.25565525180148674
0.25777503263851975
0.2617945081019959
0.2695860979230771
-0.27389608521309405
0.2770759395123257
-0.28241698041115026
-0.2888537181772355
0.3134353195005075
0.3166894966277509
-0.33165317429673147
0.35701673370877507
-0.368790450461006
-0.3805549047343353
-0.40706328732574404
-0.4487504134347322
-0.4550216334521058
-0.5013061045054308
-0.505651602586058
0.5319210803836358
0.533635356810066
0.5414896964001741
-0.5646263591978005
-0.5708123012848321
-0.5777766779531142
-0.5917180248789444
-0.5989196304962761
-0.623898850008207
-0.6284642591361251
0.6413884793182678
0.6492212245683564
-0.6517273706208822
0.6536124120164104
0.6639720117692223
0.6737528992003976
0.6744843890024648
0.715398029723483
-0.7177050970104142
-0.7179686878580385
0.7273359583680441
-0.7327736795854889
0.7369530671792648
-0.7385662324502205
-0.7438915563652595
-0.7472413009765426
-0.757274702954593
-0.7756900496905517
0.8238090363827697
-0.8389051194269088
-0.8418115183597934
0.8431539118570888
-0.8625536742429067
0.867625116647881
-0.8680314789929648
0.8732720231996711
-0.8786983957583878
0.880295882158094
0.8849117249503775
-0.8977769980785384
0.9091336471152522
-0.9098074414303792
-0.9122443254437944
-0.9165336497769188
-0.9332670639526219
0.9406092452102208
-0.9453545538010739
0.9556652355161654
0.9664354187978772
-0.981087163258916
0.9831299087670697
0.992408252385582
-0.99653233136044
1.040218871401235
1.0409657440094175
1.0532530742207316
1.0899917951441065
1.1059257767626471
1.1240575366703673
1.1349245974360844
1.161274314884833
1.1725899458847082
1.2114865495612017
1.2139125457794706
1.218639072165356
1.2324575412227636
1.24768547289041
1.2737182115857228
1.2966937328067116
1.3170459870868667
1.323615034370322
1.3374821233294711
1.3695682058107161
1.389295524323681
1.402951744701019
1.41646613556588
1.4270660988784818
1.4375946221660278
1.4639763920619364
1.4672120953186338
1.469560216160633
1.4922507603098873
1.517376576599113
1.5175578622551589
1.5196367830019666
1.5346600414249978
1.5357196345568198
1.5803159547239622
1.5992947057252795
1.6053903693958893
1.6095788019104056
1.6139759934043059
1.6314453206460686
1.668955222975252
1.6915863740955666
1.7257295823847718
1.7460715477635405
1.7663113434944409
1.7701430395096764
1.7813198409572393
1.804814525385785
1.8091534646725669
1.8794011255513188
1.91701160702045
1.924733226024956
1.9891054044001883
2.0011188547581424
2.0428140267897956
2.054834534618066
2.055422990405991
2.0966965051817312
2.1330510272690715
2.2027807336975602
2.234226296918333
2.23962084912489
2.24033664542827
2.2730979355111414
2.296101597511246
2.296907700346277
2.321383554696002
2.3386111668755043
2.3526973725453164
2.371788657976314
2.3888382864352966
2.4080006509793415
2.4178913550310384
2.4276196693783016
2.460593678954437
2.5514127681363274
2.5768567176277504
2.5799124308498356
2.6316762696746645
2.6382522563322004
2.665667026995515
2.690303294571648
2.7044481097197615
2.7276048431739452
2.730570198235669
2.7517386074666894
2.8298346654512314
2.8421115114751156
2.872281082191638
2.902817995528146
2.9166437421443416
2.9321549670071922
2.972052627066212
3.026515500036295
3.028715454669447
3.0621934305375493
3.076059893998388
3.0799683873216237
3.0927853203035767
3.100683659482648
3.1201029287655864
3.152510622405492
3.17513925154301
3.204113687343992
3.2162321956010897
3.22198342899582
3.228444651204607
3.233101977636598
3.2371218524039946
3.279671114075591
3.2919013560143524
3.3412066251194528
3.3432109831301826
3.3646644620367825
3.404689056307344
3.4158228754679776
3.43012206201751
3.467999996310504
3.4759286203075472
3.491723207333445
3.496413081582732
3.4973470149153396
3.5030354427364045
3.526735876076131
3.534620412153685
3.5375749320445955
3.568281678400508
3.595542943669207
3.600824564560112
3.60410235386657
3.6339437100620113
3.6883148599444704
3.720275620018352
3.723452402008494
3.7814809814954264
3.8087731861399607
3.840815927727278
3.8604829187665324
3.8647394535074326
3.879385512241445
3.8832131633806046
3.8845539894486345
3.899154318780262
3.912468426385373
3.9399330077085146
3.9942238889930515
4.0250530345198365
4.053199258424604
4.060901446636125
4.0755069194219065
4.086379210432712
4.09150550491807
4.102817309519873
4.146350277721149
4.146797067957708
4.155003829603439
4.1613693760865305
4.175704349329142
4.177431618816844
4.185970115047615
4.186644496424462
4.197584030895828
4.199782089872798
4.211554363040358
4.249142739240806
4.264151984382313
4.2743672841233495
4.2946193789689335
4.323964134057761
4.360829441568202
4.365033691329533
4.371883008000858
4.40663039495512
4.4108717205439945
4.4432980592830615
4.446417316561356
4.4468809172831225
4.4784348718571305
4.4826096906879735
4.488609577719248
4.524372395766875
4.543231159195428
4.621106366488653
4.694154503337578
4.746029302107477
4.795446508343255
4.814947188016151
4.831388795402105
4.83912030701787
4.861519011566703
4.876048630961792
4.885883106508775
4.902535798974734
4.911677473450106
4.932152768595479
4.942213268655688
4.987043833455517
