-0.0014271054197534383
0.011590189155857411
-0.02322301114719072
0.03733762730797374
0.044367135819437964
0.05796946932131619
-0.06437132529983347
0.06723702451696933
0.06880621369928264
0.08424775713506105
-0.09696347957673135
0.11485295181574195
0.12145302753332943
0.1445839489224614
-0.16678243682554772
-0.1876851892911262
-0.1993050344808951
-0.20433102654841084
0.2173911522258538
-0.22606760963369088
-0.23041369608940343
0.2423194638198456
0.24290658384424746
0.25852174164889985
-0.26797517341263877
-0.29216193853481043
-0.29368600142446577
-0.31063567935604763
0.3208704947783918
0.3348539286361156
-0.3385717901198584
0.3408408548029376
-0.34112222248323953
-0.3500183424334957
-0.36276306193069163
-0.37259873306642244
-0.3726801256237291
-0.3778736071759803
0.37922236341556403
0.38187790510732555
0.4129861455626962
0.4377428767645757
-0.4698125827542783
-0.48124219332342233
0.48709562885847
0.48729466271949384
0.4874100899484388
-0.4887755841617638
0.5031997527569929
0.5079659742982423
0.5085951610312867
0.5090491643136266
-0.5100852821759032
-0.5189295852892508
0.5273305723272848
-0.5282612229932051
-0.5517559221111106
-0.5604788887545327
-0.5628559365778711
-0.5882692186417431
0.603336142485627
0.6167585021271358
-0.6492226057755868
0.6503101674209946
-0.6617539042225269
0.6891848440923982
0.6921342093871499
-0.6974095111037013
-0.698964336891676
0.708634480753594
0.7089639781152026
-0.741219312939235
-0.7418643531590561
0.7444838013782757
-0.7536106955708848
-0.7611104976221339
-0.7737581149532593
-0.7771930177169402
0.8068634548827125
0.8177431597003793
-0.8397834909845816
0.8478436978810546
-0.8571014460966129
-0.8673051031573387
0.8680529512911879
-0.8833879987666211
-0.8933957926883254
-0.9801851610428685
0.9816108276178133
0.9859341355482891
-0.9885684543282331
0.9910696425509153
0.9916346003335914
1.0271571803019572
1.0410027128523343
1.0674821955251597
1.0791985730173739
1.1004121800870221
1.1054425091101336
1.1417474433237955
1.1506216859948268
1.201963261208574
1.2174100506712429
1.2483759887901122
1.2625947524238699
1.2850266960233814
1.3535940728216738
1.360738448864403
1.3844163137014456
1.4029837942345074
1.426489187318781
1.4531011908920113
1.470770485460707
1.47623029857421
1.5427511465980293
1.563439581911771
1.6020784550986575
1.606023974938167
1.6128285805757074
1.6160865836283085
1.6250749844170542
1.6450341355001803
1.6594772610722068
1.6609335611872185
1.712774263294194
1.724820694701588
1.7257108308783833
1.7366417226399822
1.7407547982113525
1.7530930338257589
1.7761184116018702
1.788964044396883
1.810467065830756
1.8196769057187745
1.8214486098275078
1.8741634440266015
1.8813137735726921
1.893577244592227
1.8937420456901886
1.9113682178143345
1.912602834774355
1.9604027298436102
1.9715334375778344
2.0115994876781205
2.0721302399180956
2.0757061263766046
2.0839666053720305
2.106531059925062
2.12141769017504
2.1222971061215117
2.1334876625016026
2.19192579552643
2.204712581869318
2.214882806841815
2.238850677519639
2.3760299606070117
2.396948571625831
2.3977283379044367
2.43003039254331
2.4404284568435495
2.4561017907018714
2.4573134246128503
2.4785645812627246
2.4979014366953534
2.5170689931736345
2.5620533978697613
2.5701926752306274
2.603122968061376
2.6034556999941065
2.6220250843226083
2.6516791425594457
2.693218668695603
2.7031001306963955
2.7389981189094272
2.7406077797532706
2.7716615159603757
2.7988332026548752
2.8046102782536395
2.812493845675905
2.8269189073623213
2.8447078161247337
2.8464839489322475
2.849265375499467
2.86276018410452
2.869032269750763
2.876707362631214
2.8917331995589457
2.9202703808605843
2.9497396944863885
3.005914226241212
3.0329818584104977
3.0475518084924644
3.055811149974023
3.1014332822347033
3.1219441031408053
3.122706717647974
3.1233290923334796
3.159324867309663
3.1604364964350538
3.1606936512057207
3.1652048495082052
3.19745084388288
3.2133675567539797
3.229454667003262
3.2486437969287625
3.3194728417489445
3.321465384371624
3.332752788057819
3.3509722006690943
3.359562659166091
3.386302263448255
3.3872888380521005
3.390945955522646
3.410222209912849
3.4210022481434326
3.421385727278837
3.438056297184847
3.445722897406739
3.453286361053409
3.463121276628817
3.489337246798028
3.514533554316933
3.549748448720746
3.630552382385634
3.6454657876750414
3.6625809842325348
3.679109317990253
3.682363156180519
3.708203699551551
3.716308715507279
3.7314784939559384
3.7951452041586267
3.8500939200515454
3.859458785334146
3.8600791341347644
3.8752381498675783
3.898595965464823
3.9088480081739796
3.9213553410878346
3.926926468740205
3.9327378119813865
3.94156153103515
3.9463435112566527
3.950495050907664
3.957584123289805
4.000575811549641
4.010610477190134
4.052665756075764
4.070785995528009
4.079904796505533
4.080451957228332
4.103709742137225
4.105235856327823
4.114631892705853
4.126213830086046
4.175985805747274
4.176820773740165
4.19052447262465
4.248210486312801
4.255246345891641
4.26175270204453
4.270220947425976
4.288195649970526
4.295003761642585
4.297968688014858
4.3013764759927575
4.304634637489466
4.380708767270002
4.397278579661942
4.404041433516721
4.407697414428908
4.415849915501784
4.458667614890336
4.49202455871332
4.493431052337655
4.512750013909233
4.53045931230669
4.532610328425054
4.551677420121985
4.6022147935880655
4.616484632104809
4.620298212482539
4.672274591998723
4.676289135868904
4.679047679365184
4.681558984053722
4.68337282259085
4.730169451081752
4.7385916120236224
4.740211682759031
4.753236112250022
4.76401033910617
4.769163133006593
4.7727321085832495
4.796863913930878
4.856665826768969
4.857310594639479
4.900521018600572
4.905919553943455
