-0.0409854170123336
0.06652928998058005
0.06972632671132173
0.08462396926693971
0.08766237823804168
-0.09322956818061856
0.09541767051456285
-0.10311012681822418
-0.10323887623154615
0.1131094830064181
0.12162638373302004
0.12239908736081873
-0.13974926404823296
0.14418813901707872
-0.16362400563776647
0.16556201156076988
-0.16998713271423593
-0.18145135418233949
-0.1920203599101249
-0.2028615576801145
-0.2119702667914256
0.23105603935788577
-0.23880164283919858
0.25110655547914096
0.26422020991517003
0.2791682470492629
0.2875062613261956
0.29736468109965597
-0.3019179072124065
0.30860514850610654
-0.3306156887252494
0.3312219462350652
-0.33789858687397145
-0.34134246411314373
0.3481644160926993
-0.3641387139501351
0.371377776612841
0.3834962175410075
-0.40065249758814203
0.43112996652260493
-0.4356872128607474
0.435951644802842
-0.44417183751011646
0.4485434858212063
-0.4579539819884657
0.4648874083418091
0.4732417766948165
0.499572091725101
-0.501764240617701
0.5115975838573941
-0.5209610148602357
0.5331475525588436
-0.5419405000857429
-0.5443301650300347
-0.5483447797576178
0.5517359987610544
0.5569608547726501
-0.5726646969735563
-0.5729853475305313
0.5921126323568224
-0.5966236612942297
-0.5971667667716078
-0.6139234846871515
0.6150113940748829
-0.6160095523130076
0.6449481263617531
0.6510104462331172
0.6582623570118074
-0.6885760063665503
0.7032478208411472
0.7072655879570933
-0.7126333576542851
-0.7204580668983351
0.7266651578653629
0.7355240913223831
-0.7479042436867844
-0.758632612288952
0.764290514909324
0.7746815793377075
-0.7804578627163306
-0.796587358164506
-0.797819278388685
-0.8205030639456536
0.8267355312980285
-0.8310464318472577
0.8389360914449127
0.8415105620800676
0.8512135687020479
0.8704987192340132
-0.8804315987738827
0.9038587320735947
0.9206242378205076
-0.9281337029299415
0.937250380973293
-0.9385574666703671
-0.9389616485593908
-0.965774514060092
-0.9731224345318938
0.9849853949146687
-0.9892088429806736
1.0792630073561273
1.1053068783133115
1.115425384197887
1.1157196165576164
1.1269007232538861
1.1508215937678328
1.1542323442653109
1.1829895387109879
1.1860248462841985
1.2085559976738764
1.2399322664167052
1.2634561869678036
1.274569078584749
1.2811475561941164
1.2844566063586127
1.2931610741791442
1.3137164936633288
1.3233675021439217
1.3270869647447139
1.354325565273398
1.3587920237291735
1.3804551676601617
1.4107632186946248
1.4801672882226127
1.4911146360721723
1.4985210993464761
1.5038273173448942
1.5327100293852487
1.5380587846645808
1.5487508908544898
1.5743558636569723
1.5776535668487996
1.6149595659440377
1.6204902736232736
1.6228794168900533
1.6336608616184667
1.6881832063067508
1.707338949109897
1.739744839537991
1.7491628479711192
1.7564596636063108
1.7686769316701687
1.7822640719116816
1.7957876104933765
1.8133003901561962
1.898101013643898
1.930663686895083
1.9325916011597761
1.9550785721865873
1.956988379715387
2.004091354744265
2.011688548770801
2.017322610956643
2.0274124815959302
2.034205629903414
2.0513340242549805
2.0540861546904567
2.0631071129630416
2.085306903984281
2.1254907431314525
2.173518814443149
2.2045791196081526
2.2396353063066483
2.2485154542258643
2.3241211026612154
2.33335554773432
2.3744743161137105
2.379522274887557
2.41696331257103
2.4384991323880207
2.440325757196445
2.455797558215794
2.47984199702634
2.502808610982915
2.509208577540762
2.5527240098942796
2.5726943444241233
2.572897056865073
2.625913536485979
2.6300640888315634
2.651177239988337
2.6538263193008147
2.671382398040903
2.6845619403120438
2.692997784823733
2.7161861177612403
2.725255456031699
2.763459108561789
2.7757690062800506
2.783843391570277
2.8005671620995694
2.805909350730142
2.8576789688145112
2.885418640625134
2.903678087094626
2.9494946872586305
2.962815271465968
2.9699627921775695
2.984184995441314
2.9962450313928173
3.001735923313989
3.0105883542637244
3.0175752523184993
3.0300361165465954
3.0472064796290477
3.053738304408731
3.0595989882197356
3.0961771712527755
3.1129590876874653
3.1648772085284644
3.1842736136714915
3.192277606147843
3.2146596252369912
3.2168898910331487
3.2658722427150355
3.276606229193586
3.2995782662811273
3.301742439701953
3.3131901845102583
3.314031450371407
3.36004659984766
3.4418094935651826
3.4486729737494404
3.4636900893714326
3.4792478247705123
3.508015799519227
3.5367295655492743
3.553961119822043
3.55542362332225
3.5642799590713663
3.5968741557199255
3.6024796717176946
3.638950045538407
3.656166352199042
3.687128381391849
3.721452002032305
3.725668677122612
3.7447089259862754
3.7715815068727023
3.831965635216144
3.849356818702515
3.858309958530441
3.864676230519853
3.8648771202652217
3.8809837599855843
3.9111367204332854
3.9993988015802433
4.00288821199199
4.025046512670706
4.052455068826478
4.05540837129956
4.080525711219215
4.097055056815423
4.141629616573046
4.141829406482867
4.15406475437117
4.158121994789151
4.16187054458329
4.184306465110367
4.187362481569453
4.221353821864856
4.2475566938165334
4.252037096726839
4.307188439653357
4.308302464403292
4.346257052916495
4.360023897205327
4.367133788107033
4.3714822423183595
4.377195010836742
4.3880012930849155
4.4451092500151566
4.459350961720926
4.464486376908847
4.526949469482972
4.53362034660721
4.552347839367429
4.578342495374474
4.6126500020784365
4.632176557011483
4.642152222209992
4.65056454012521
4.666918290770925
4.6730606197647955
4.687517845025749
4.688728576108013
4.717021791869113
4.736684758155726
4.743841235176082
4.787647193459684
4.814445339507057
4.823976091191703
4.839937257359378
4.871612678830042
4.876307701583893
4.896701508998375
4.928738979568657
4.968432223459036
4.987697102671564
