-0.004548191612606223
-0.013632366721244571
0.013720297525737779
0.01482434194973603
-0.03442898432895469
-0.07269873730552323
0.07870098136080772
-0.08470916952075624
-0.10524005093078315
-0.11183033901717643
-0.11633028230940279
0.11686441454443663
-0.12261165586527834
-0.12756553809427107
0.1373027110259737
-0.16274657899128764
-0.17616434976965367
-0.1797042663039825
0.201383007622306
-0.2022665989102892
0.20750129587382382
0.2096938554949519
-0.22443262474963932
-0.2311186813606898
0.2402928775447397
0.24646173721947595
-0.2527273780150201
-0.269595687149206
0.27577784076156187
0.2857244314879297
0.3078939903388478
-0.3135679694272069
0.3511765296495246
0.3533998618240408
-0.3610855598990754
0.3660892143291876
0.3725079080839777
-0.3747606208072116
0.3866940262542691
-0.4075040907193126
0.41714044969033837
-0.42046263066431466
0.42072266449989826
-0.4246533307677067
0.4257141786429559
0.4272118181803104
-0.45694522421741546
-0.4633046941415746
0.4653935881999429
0.47088592784176786
-0.47898967241474644
0.4797398096786212
-0.49118633668408274
-0.4920125379623237
-0.4923319660110661
0.49840873768217864
0.5342171770880402
0.5343017733997832
-0.5350436845901425
0.5778662496779283
-0.5832702154398364
-0.6076111488872007
0.6155424793099522
0.61657705171687
0.6208710216797739
0.621159376390056
-0.6260564529066552
0.6349261319497972
-0.6403388541601016
-0.6596585252515905
-0.6651089176604943
-0.6703573891507013
-0.6804924059698545
-0.7175886477493629
0.7241591550068862
0.7427208422625831
-0.7778741791408617
0.7948744247010002
-0.8093417429361667
-0.8134499677200722
-0.8391110211899631
0.8406254887053461
-0.8484809336858099
0.8567314253648344
0.8665827153145507
0.8674566148514451
0.8827050000825758
-0.8983478863676291
-0.8999757862540521
-0.9088524885577955
-0.9104423467976424
0.9176795735642798
0.9313420512294823
0.9350533142947783
0.9396834220596091
0.9625628532494555
-0.9748020102298334
0.9782649526552576
-0.9873337248507894
1.0028595534716946
1.025557167798972
1.0316233076344679
1.037770720772718
1.048943304871902
1.0500502310862654
1.1155819608518596
1.1303331124460643
1.1303709881538628
1.1661381314869792
1.1783886769928662
1.1940001442979784
1.200781427859288
1.2289987493393673
1.2461771909859922
1.2611457228831684
1.264756809655398
1.2834069205836869
1.3036871245464026
1.3083024599329391
1.310462384548413
1.31339248726791
1.3391547082064807
1.3463037175670816
1.3802021766174617
1.497609530127419
1.5403986489082575
1.5448947121727494
1.561657515655396
1.573826453790589
1.5800080007691761
1.6436570683834515
1.7029557087167495
1.7029978256617957
1.7143197521827167
1.753845555777489
1.7589050210084722
1.8065317962319565
1.8130606673777927
1.8450156064947905
1.9113831412510396
1.9160998129165927
1.9485331944643454
1.9499264238942606
1.9534050930657338
1.9907492101833268
2.0231546387853436
2.0677776462674657
2.1161644315601755
2.1383899343974218
2.15830585221721
2.176809570483514
2.230532317826352
2.242175267735308
2.2775160347710437
2.281496430147495
2.3069133335509435
2.3109554594619772
2.3236668770564384
2.3566408597469786
2.367265759693476
2.4159649484149743
2.4190282283244
2.4201401016407154
2.4752875925674855
2.476539422361874
2.4774578674859127
2.5406280704129056
2.54533155329276
2.559884727965236
2.5807843470794074
2.6040094782492336
2.626267357124662
2.7483907547677067
2.7522375145125215
2.7550567679917917
2.7571088585756653
2.7868385123517543
2.792803549470149
2.8315597767359657
2.8450140856456474
2.8933965729975366
2.8947370204811587
2.9346555527970812
2.958362674297506
2.960315017443866
3.0132510708101528
3.0428074905596674
3.0590784897869057
3.1521956301852114
3.205684961500955
3.2318279449301954
3.2351154575742616
3.26328943205775
3.2734113386363184
3.2806805186403327
3.288030890978251
3.298157311322126
3.3085361553957586
3.336336341693981
3.345673028536
3.35102529411735
3.357818532781522
3.376555468368653
3.389596485821998
3.420267518411766
3.4227700346677263
3.43583355551692
3.4400978647098928
3.494839633344778
3.4954494989584743
3.504020104753349
3.5254710489680816
3.5361789939038424
3.538164774519446
3.5839985088018045
3.592409526109935
3.5988229746321636
3.6093716778903335
3.6937867746730504
3.7096284665534336
3.729454458631161
3.7535353961315234
3.788397671599295
3.8112073000060533
3.8120450945120234
3.8148160982790813
3.8388388984714847
3.8550028422980214
3.861659370802972
3.8845598596362763
3.895596425075653
3.9067041134039204
3.90924990787461
3.9300377749665154
3.962144032022276
3.9827059386070527
4.008367626982861
4.0115869251588006
4.035072055631579
4.03509509344066
4.038028408400877
4.04155408830589
4.043289747553286
4.051209322782259
4.076112342153573
4.088895706663871
4.1098303172736275
4.142379377832573
4.209358888080271
4.236220789964115
4.247930626264758
4.250657615653461
4.2527325343175235
4.270708670922949
4.293455475820419
4.3248337408845385
4.344354421876675
4.348546351731607
4.373817737897051
4.3774470147204285
4.391323174997844
4.4289321064989835
4.437658719895733
4.466843353901057
4.475484446821711
4.494544849247663
4.5110735977212375
4.525883318283548
4.5378032848326635
4.540556212525742
4.560001787425664
4.576477224133576
4.618305092988702
4.640844561256086
4.650505365179434
4.661494861918142
4.676328553930553
4.745257255160411
4.78863245509964
4.7968575008218375
4.7968636426747215
4.829539064735311
4.881848217072355
4.888495338096798
4.888773913532576
4.896317222476057
4.897370086910913
4.910731324086779
4.914344866423695
4.9204475915883155
4.924416981972289
4.930862271370409
4.936988398051112
4.946117585406861
4.959249195303017
4.964744472950696
4.9687550971942684
4.981251776107807
4.989810124292486
