-0.008994808009681554
-0.04399587983518671
0.04636075103396142
0.059555751633286524
-0.07897797339590151
-0.08250460147747218
0.1057085987958315
0.11400861195358614
0.13143596141318326
0.13509432690096168
-0.14907103028756885
0.15322207604017613
0.15561715540450494
-0.1637270313811643
-0.1677166386941582
0.17382821805656068
-0.18296919300632064
0.18543806717835154
-0.19165607093422143
-0.20989270695244389
0.21229197679599587
-0.21275360821763378
0.23783610115283405
0.24219471095307998
0.2714134948805009
-0.2730619375620167
-0.27371253002135854
-0.2775711183114029
0.29125161897206175
0.2954791283494893
-0.3148280057516626
0.3224903704896025
-0.3278402700302039
0.3293305239037654
0.34432757686172333
-0.3562263849349252
0.3656765828203674
0.4009067147822152
-0.4015643824638182
-0.4050762552089242
0.4131066939983219
0.4233057074514299
0.43654489546981146
-0.441966036756023
-0.4427290519653788
0.45810285311991694
-0.4747680167912385
0.4814463754333316
-0.48601031799294736
0.4960704561582794
-0.5174694190066109
-0.5198096904626339
0.5461092657145099
-0.5468283396456102
-0.5787826362785504
-0.617276463205662
-0.6181576937812086
-0.6189996943027984
0.6280994977796159
0.6331545130849527
0.6332063994342259
0.6350953184787118
-0.6544395063231543
0.7141515742682252
-0.7349337761722257
-0.7415419831965464
-0.7419606963503602
0.7452373905889706
0.75376267300965
-0.7605847638902985
0.7849238001389123
-0.7950642595727315
-0.7956603148512693
-0.8152768459777675
0.8190928664745458
0.8365935666053073
-0.8480245842771308
-0.857569858218026
0.8754102110875888
-0.879144642567045
-0.8864073235775609
-0.888190173293609
-0.8918039734753227
-0.9016952694795002
-0.9192092323293832
-0.9438323964964463
0.9519308427743147
-0.9535993815684998
-0.9538971101310236
-0.9587624208310912
0.9669661016883841
-0.9690101337058918
-0.9693476868358308
-0.9767122539346595
-0.9789003807828602
-0.9819515769959561
1.011307946921578
1.0163503132235245
1.034739701758105
1.0473012834295785
1.0586514221829333
1.1510957498507954
1.172407725427381
1.1826565587345375
1.200233204443065
1.2023504264141969
1.229024191080505
1.231887176773217
1.2651263158213606
1.3185850782367434
1.320270430953256
1.3429948196716062
1.3694178620728423
1.3866851798866842
1.4072752553835048
1.430781236241872
1.4339593964324102
1.4584943942847035
1.4647561383009986
1.5004526522505355
1.5049963332453338
1.5199900485709068
1.5425254695084587
1.5962168420271938
1.5998494863944437
1.6475851504351553
1.6574785104353529
1.713394512026234
1.7304394227843662
1.7520429788600902
1.803286681851115
1.8126227510461668
1.8235612845891547
1.8268218783496906
1.8477196372103748
1.856077622881945
1.8849296431701585
1.8985943307538933
1.9048971720395276
1.90615059162426
1.9149333078691457
1.9530315732522396
1.974818258325688
2.0561106010018033
2.0578864085014263
2.0581846798651746
2.068168005347276
2.0812368176252543
2.124704854467333
2.169049345786953
2.1697583079561866
2.1881065572400575
2.2243622508735728
2.2430360494946306
2.2526156153684287
2.2572869685794528
2.2932403192214825
2.2951005751941964
2.3016867415169937
2.312406892389637
2.316895336327338
2.318431731270862
2.3368386069034033
2.3729393751554726
2.3811092171868253
2.3936922630044517
2.3961147970645107
2.4164098909912965
2.429761460078817
2.4433570049519293
2.469276121912743
2.485458791222226
2.510155951391921
2.5270515059620213
2.56864107252462
2.5869978551710258
2.6118626659121333
2.621358502638641
2.621439839721215
2.6230516325987923
2.627659520313019
2.6521312636149528
2.6776548003197473
2.6908343439351485
2.721852776308524
2.7629761511003914
2.772338416606622
2.775814303236329
2.796439879618708
2.808552024411886
2.816732836444987
2.828470860358503
2.874529857610924
2.903727693521088
2.9065554438717793
2.9101350817642695
2.935598096794579
2.95363791179179
2.9722643346690027
2.9760342018512027
2.9830218753214606
2.997931794988091
3.0658494333773367
3.0867201422017443
3.0965988870203542
3.098625969474427
3.1058791540691963
3.1116096519384664
3.1267083507512847
3.1438105693083243
3.1606488879837515
3.258663277001853
3.263176337533233
3.279478459389442
3.3430555313304575
3.376471939851368
3.3933156659339483
3.419763493392682
3.4591271339462404
3.504704902259739
3.5383496458862345
3.5591749586658956
3.5611264212231593
3.589641663383315
3.6254416337443143
3.6353231339196457
3.6381506637830796
3.7011060451854743
3.7152581714616426
3.715622048858795
3.7278225681797688
3.7344441176937906
3.7555822544146507
3.767907162193585
3.7904369592681775
3.8405475684293187
3.8465810757637735
3.8604581495273385
3.888895705680211
3.9323199208420814
3.963934229254157
3.9707396524013454
3.9841493379692343
3.996853688301103
4.003046155531959
4.02402566582131
4.027196702967679
4.058209703194137
4.059518051228189
4.076563729450754
4.102659420164573
4.13223668919691
4.159580024218465
4.160721841681076
4.163073831750056
4.165210157380958
4.195182535764085
4.203784123627292
4.228286486332802
4.239719619247888
4.31526156451736
4.333694404788639
4.339413355732003
4.353120934048453
4.358456405299525
4.383080924119141
4.386494047027134
4.398991481218954
4.415909419234614
4.422790845795744
4.477989387168724
4.481471885702237
4.502253537369382
4.517023263938482
4.552919504495941
4.561526691474141
4.5765140632159
4.5833115900900765
4.599754796420241
4.60049343129254
4.608996847751009
4.655704563665337
4.725149159162991
4.751260557746223
4.753756543589946
4.769575807881476
4.777853988326438
4.810966521586439
4.841742931372858
4.856279430029374
4.856421756987315
4.868281871322142
4.8807558403008935
4.883540331057136
4.884127811500182
4.942355315542612
4.976607735664647
4.978930677147805
4.980838352841605
