-0.0018655639861608897
0.009678262565712137
-0.010068758253796384
0.020244159481375812
-0.03365579023676557
-0.05425359567828436
0.056461005275340925
0.07720274153381723
-0.09444204193113959
0.09717117283381493
-0.10477487004677433
-0.10588600392435477
-0.10686823424760061
-0.10756141331363822
-0.11252659944140397
0.11638373773781474
-0.11890939102866316
-0.13978313763612893
-0.148712215800054
-0.14897336356396296
0.15700904692011086
0.1593146553630087
-0.18081201599967156
0.18538345114346821
-0.1889374116553304
-0.20943117551342727
0.21081246821859212
0.21229842711840674
0.226436994920713
0.22964779425948456
0.23141001222682522
-0.24071448095570824
-0.24360378871601562
-0.2602001716382152
-0.29987906707410383
-0.3051495513632818
0.3148530498876525
0.3186071959998007
-0.3341215765248948
0.3357485634669466
0.33927997189576
0.34014638597331603
0.3440069679880191
-0.3656943338020904
0.38570571420483923
0.39395064832967464
-0.3994399909230093
-0.4067382938784503
0.42721999971366986
-0.4338176025647196
0.45333165215534654
0.45428357930019114
-0.4820837184386533
0.48314293767414207
0.48357783128178
0.4893680180111839
0.4928861587747202
-0.5083020645499106
0.5229063483226037
0.5421452259426756
-0.5574749640799104
0.5661866313994188
-0.5710566017485668
-0.5949299311733172
0.6195623615478585
0.62572823873729
0.6272625586960487
0.6424261830074491
0.6845784602594145
0.6873768840875378
0.6933889882718054
0.7115254677684955
0.7231317802381791
0.7726010350768475
-0.7735637375687385
-0.782520438174241
-0.8001578300638044
0.8030858729325328
-0.8046026992678894
-0.8222901006862129
-0.8570631825372326
0.8697475194103885
-0.8748259353061651
0.8860461439011902
0.8914637025215193
0.8984124701414342
-0.9108833279519277
0.9116433798390768
-0.9135050370596316
-0.9293873687208225
-0.9391761895795601
0.9489436980918136
-0.9609047229805037
-0.9746065125380197
0.9960636485763714
0.9965031111574223
1.0094866947684586
1.027924891883854
1.0571800925288635
1.0575616282259626
1.0661994081873916
1.1129208825462342
1.118574241666109
1.1501193963035217
1.2060023722031281
1.2198376603925771
1.2498580577130394
1.29969105376823
1.3334006831249932
1.3868072493713735
1.4255374724638479
1.4394324430499736
1.4561324132619644
1.4589166151764537
1.495484818450599
1.5148537701478633
1.5176365767030289
1.5258969155764115
1.5484665233126291
1.5502127012991291
1.5514760559153116
1.5575727549479765
1.5653330258356069
1.584043208898224
1.724766916713353
1.7445636474145694
1.8110490455379606
1.8195682548527659
1.8302578388466904
1.8508944298975116
1.8707142304906834
1.8763055103713309
1.8764075085448702
1.91067040311815
1.9240606248964243
2.0307275321040112
2.089791005804128
2.1097629615326046
2.112329672259419
2.1220567776894237
2.140135040063685
2.1787821029303767
2.189540189456009
2.247131193022428
2.255437467386296
2.302903968738909
2.4015960737909325
2.4215174787516114
2.4228069518346462
2.423595488766982
2.5044590489891725
2.528690682704581
2.536180441870651
2.5644504309133715
2.582318094093276
2.6037148283207574
2.6126011675318512
2.6233241439018213
2.6311580244512784
2.6600123934206605
2.680190993338183
2.692826406229634
2.7040195809708325
2.708556868581095
2.709097614188777
2.7362515369198905
2.7468805209750666
2.751936317563144
2.7526890910700184
2.809582384861433
2.813805098366972
2.8204556861103005
2.8355232903232297
2.843189783775671
2.896358786472139
2.9111712219435977
2.955387390160013
3.0077713745400247
3.029750467968242
3.033157027751537
3.0390258414752847
3.0963203655749165
3.1027712072670264
3.106525586320104
3.1134238326910673
3.13508154387376
3.1353739769089373
3.157913504422507
3.1709564441656486
3.179278681239712
3.1919104699094056
3.1994723328414816
3.2153642411717858
3.225622758036546
3.2387918581799937
3.2406430386579537
3.2617188402819064
3.265761835806253
3.285365324783702
3.298309403389977
3.3068872229781547
3.318229477254083
3.3566659980761457
3.358589626902198
3.375495426507805
3.3779634708432864
3.38303159033771
3.422590429186192
3.452802312793403
3.468471189321331
3.4797195069937867
3.518711007261934
3.534214146381454
3.5442566048257387
3.5746790329326146
3.5800335280631126
3.635022078459621
3.6732605765462356
3.701352431067762
3.753003203982087
3.7984015231775947
3.8020171328750507
3.811176970063002
3.8364239615924243
3.8806769088445012
3.914034812756145
3.935352270532465
3.965486977624071
3.9861723255444375
3.9922532937071358
4.0075872978639735
4.023415662414047
4.024946077435892
4.030009375176368
4.051344178729968
4.05947470444179
4.073122290347772
4.076115408181104
4.099107997505802
4.130272435684135
4.154546871872628
4.161448637545344
4.173723497718575
4.180835549899515
4.1813856797369136
4.1839483204858645
4.191544938752161
4.21280470277477
4.222585632328362
4.227626425861633
4.247937930189911
4.25466999498715
4.273008045704443
4.277915190256664
4.282820568604457
4.28681797082198
4.319255492357268
4.326947678708974
4.333214344055781
4.373107415973414
4.374582831171053
4.377982845142889
4.457057705140451
4.457770371725195
4.472736972211567
4.498507462959044
4.504377750928678
4.515441799006549
4.54565643634017
4.573594101944753
4.579140168340667
4.587083969901851
4.603304234402448
4.60702266423854
4.62917497380342
4.699509873689789
4.708617990428308
4.710869956068545
4.719988573739528
4.722757781140082
4.730984585689959
4.733236443166332
4.735143239306545
4.738038031459588
4.741220917463222
4.75657738357787
4.8207989865005505
4.845790092200278
4.859607776164786
4.870363022493263
4.882807493123581
4.883551260564487
4.902487327840007
4.917585082032479
4.9217732935432075
4.967043119346669
4.96884037061505
4.979241913999429
4.981420324698595
