-0.0013267276695616559
-0.0014966058504140012
-0.006960468621297622
-0.015805194103690967
-0.05242387407569615
-0.06655441667794926
0.10404824515293498
-0.12086695344871012
0.12437184585425531
-0.14146951031211819
-0.1545191082892694
-0.16377151039156446
0.18114563787471516
0.19015568714445785
0.19421981456830317
0.20036957771633745
-0.20552931366083294
0.20836921787939633
0.2175405135694417
-0.21911210144107063
0.21992725838403482
-0.23276771380917838
-0.2369114794776972
0.241908873050652
-0.24509841720802306
0.25410778892908015
0.2584788676957801
0.26386878894413424
0.26424218921205456
0.30829532806123994
-0.3096241782066289
0.31077354713348626
-0.3146041982532799
-0.3291742473754724
0.33352468956723036
-0.33461260460802666
0.3409281087459137
-0.3413020468576473
0.3426012675268808
-0.3544084979388271
0.3889753997595429
-0.4017232570337801
-0.4172139192489557
-0.44664662386110954
0.4513364152771997
-0.45206383008942375
0.4542414443585461
-0.45827618213201116
-0.4647915733959618
-0.4657396369639819
0.46934353380708127
0.48965521633359654
0.4975911563524147
0.5003620075094437
-0.5252942001577192
0.5448844514596352
-0.5579697876389511
0.5616876478613126
0.619324525436264
-0.6198638366631475
-0.6207440116554213
-0.6208372472363244
0.6277732695924332
-0.6585561276001552
0.66064816187882
-0.6661571767443293
-0.6862631254230906
0.6901222792315966
-0.6981412142540908
-0.7188415903147052
0.728161780477506
0.7289039656537588
0.7297752998038576
0.7310290769868435
0.7702135429569181
0.7850431475663904
-0.8096888401703919
0.8191519643709777
-0.8196015795455089
0.8335774515827699
-0.8486994255824758
0.8573425638353649
0.8602313470577012
-0.8648045671938833
-0.8662238160610174
-0.892102812791435
0.9179704370558439
-0.9220706696652243
-0.9312845345358036
-0.9442674803793192
-0.9442832861378665
0.9469404814676761
0.9623572449303617
-0.9639820901784675
-0.9872213276868307
1.0088901121972569
1.0173508885931697
1.0181125055034417
1.0364699290035113
1.0518465817389382
1.0623480086119397
1.070265887260049
1.072458684574173
1.095026381731981
1.1107353868199143
1.1975806641806486
1.290691240618962
1.313276466509886
1.3177376276576935
1.386152260345809
1.3863202462837578
1.3961956646748632
1.3999468143171736
1.429411515828495
1.4334595023255639
1.4498620678609893
1.452467912214927
1.4547552240130628
1.4859526402626222
1.5007902050328696
1.5018384014331443
1.5037009748747483
1.5118392231682893
1.521098739136412
1.5227154384547466
1.5247446722018037
1.5484766631141964
1.6409577136201965
1.6427435065720113
1.6766026519379555
1.7053616262630067
1.7335844588973464
1.7561915932572134
1.7824027731689664
1.7999539985998982
1.8196095045817655
1.8198749402109393
1.8314344524297619
1.8575769951737593
1.8633499110730938
1.9113608963272535
1.950151183654044
1.96107205343419
1.9618296291979371
1.9759195464456338
2.0227549446306954
2.1187521824964684
2.1221488119971257
2.2022740042691304
2.202910187855439
2.2086487942329676
2.2185009585104543
2.255128083703492
2.262452497020431
2.266482286160303
2.289525865270754
2.2951007444571756
2.3070230746227094
2.3143108291534253
2.316315063987477
2.364911695159245
2.3811270777939066
2.498452416062256
2.509539828846464
2.548932216197854
2.551142431263197
2.5790657123409533
2.5791391910335504
2.590387015563376
2.6165344385856173
2.6352753137575275
2.6383444440335104
2.641528950606765
2.64624598018308
2.7074602517062383
2.7371868124781678
2.7597147019835733
2.770964579345704
2.8173802486610278
2.8265283356759676
2.8421770839354625
2.8470861139684813
2.876765192577423
2.8933063470702622
2.9029095492889487
2.906746913485671
2.9252326653823344
2.951000342578486
2.9630898557983594
2.9646532697265533
2.9649024718965604
2.978486283661513
2.9923746523976735
3.0022703778430637
3.00782601697426
3.0400002607212686
3.066916806137745
3.077719169916798
3.1059948038821474
3.1161425871126536
3.157037768787111
3.175933782480433
3.177518358012885
3.1882486264274696
3.2059187199821295
3.2072585203161665
3.211304754390147
3.230737509283574
3.259150775751597
3.266108644026266
3.27827452227716
3.3149130869848076
3.3222432940039717
3.3637608992458734
3.372153750349483
3.379829977578262
3.4108035946480655
3.425703902101225
3.426662502155299
3.441872904615594
3.4496978101268825
3.458719537695215
3.458970461166521
3.463916582428052
3.4918703040125925
3.5019546051132986
3.5658978481449157
3.5956168619449995
3.597800883089163
3.613157338296765
3.6406946732160534
3.6425633216578115
3.6636221259038395
3.7460159303234732
3.746121299355707
3.8403053058744154
3.840555145548354
3.843648893807054
3.852063403126536
3.852491254051377
3.883540137717487
3.9067690081624864
3.9262888834722602
3.9397073021654982
3.9692640188166335
3.9835690052737807
3.994804416114685
4.007648365087975
4.012400811467259
4.015185416087056
4.039706044262028
4.058061600266255
4.113569294427062
4.117341973588269
4.138201029944874
4.148270684641434
4.149489525233514
4.151581675074581
4.183575431787728
4.196716513455811
4.209975459983623
4.218713825298462
4.226410447873613
4.293820182843273
4.300869116248091
4.30424096772553
4.31661956565903
4.395226776652511
4.428273544487741
4.437864798903125
4.472633263527603
4.506147468725963
4.512006754175243
4.521853458246101
4.524356455091382
4.5301910114507065
4.542772560822982
4.568222174549272
4.583594571486408
4.606364017662048
4.609921898794558
4.621647448569508
4.62238104836929
4.643911071927559
4.703980429221129
4.744105422987973
4.767392121667244
4.780253526508318
4.813980313169074
4.850956723631174
4.8768656384504405
4.90787808976967
4.921254763542677
4.923326833182189
4.925728980197203
4.92955185535096
4.947993659152226
4.97230673555664
4.997313408014849
