0.27815923292962363
0.9813461607345257
1.359147130126356
1.3512744616836891
0.3218094371413347
-0.8670810628205841
-0.36325222584228367
0.9191975167283555
1.7396342221278944
1.7360652036670343
1.5081480596171488
3.7789606842137005
-0.48958835457573
1.644150858146058
3.631384483367695
-0.8620363595188989
2.4999980713344283
4.962825220814543
1.2431183041873357
1.8588322991310933
2.3539513515637496
2.9301674039836607
2.4345662486235122
-0.31995782201919365
1.4913580778213196
0.2222102755685067
3.309722157162076
2.4629603685062245
0.38149785080995047
4.76811636827266
-0.7101329874902453
1.9681655520042973
2.3203047354731057
4.789770893373691
1.000432147747032
0.9977987671973398
3.041130557602523
3.2068815627024776
-0.9005437714130691
-0.2990296456733348
3.585661779167747
2.027712423092897
-0.30949202053367175
4.0302228694489415
-0.605793521770003
0.7888563566933062
2.6357424983027897
4.651669295855314
2.9601080740214964
1.8178647953235405
2.242567525924608
0.8127953992360151
4.862695575355481
1.336209807299416
4.199960172587476
4.435088026911322
2.909041301560858
1.4861294735275652
-0.6946241081681648
2.3016706517163614
1.8863094449136373
-0.5919932853698637
3.4506536591520005
3.4284559744259537
-0.06215431799745996
2.2488282125952077
4.2971899899128125
0.10545473175820641
0.5802317895966336
4.53770577615867
0.19123554003327703
0.2965874890147786
3.0250679696981253
2.116523931274157
-0.9551816788422873
-0.15034070911435182
-0.711224465445865
0.3504401003800264
1.7479181661084775
1.185905584679332
1.0391675293697453
3.331880064909205
1.7720906161457788
2.33957048965708
4.393549670762222
0.5713790550555307
-0.021800251131125714
1.4436395638183974
3.3784423374745156
4.523336783585186
2.303543325980402
3.062614742897386
3.539896984497368
0.5245823465630497
4.511359171151217
4.155973090608107
0.4538864877070412
-0.011135808662074531
4.742741900610117
4.68774097487135
4.353506896627617
0.8964549640584203
1.6487076889970744
3.859548209079157
1.8427929264967293
1.3430199652122239
0.9323517401324388
-0.8520240566202315
2.274544736797247
0.8516957996703418
2.978404584424376
4.966424210534601
3.393679676851085
2.596806251702777
4.176809706856705
2.8673940108884475
0.6489572833754227
0.6855573912633219
2.4004570974170223
0.1460918058612235
4.192677621968231
1.5030836379049406
1.5904277573147656
-0.25463921649800847
4.724532814879267
0.14805158381693206
0.23304947672645193
4.783419208243921
2.5627410453640067
4.546136553224692
-0.6312996568953606
2.471816252679008
2.7497142968283765
1.505641836887261
3.2756058087112008
0.08602648185399464
1.386295728337274
4.327884192178436
-0.2509591498675212
2.882067566893989
1.9997637418780654
3.613262233019281
0.9966442798785564
1.6268892976440599
1.6322598789049163
0.6979205927764602
4.727459715274211
2.4634964688649026
-0.6413370080697256
-0.187630059424561
1.1262381832312283
1.6617446375523537
2.099303351995512
0.9255022830908481
1.7706993486048068
-0.6115367174813249
0.2351302035912406
4.152539572098653
1.5007367715340605
-0.29097598320273654
1.4801531350658772
1.88979583547173
3.420576574075624
-0.5706243632942041
1.7052132643982612
2.084580998160014
0.8686119958099794
2.920652116193944
2.0465966223876757
2.597237586190726
0.6455710347729198
1.1310002474397525
-0.7457001227738864
0.1423344355198417
1.6960809688867555
4.98434272359509
4.069573530355859
3.9655007318868396
3.2664018160520563
2.5107283808496734
-0.43444908981950503
0.19574974499234155
0.4435687355831608
0.9306107707110702
2.461807393853765
1.2653102053420904
1.3220463673115304
4.693010742010145
3.3511233135714473
-0.13424240213159
1.835042269097948
0.4090952277855431
4.1057094838314825
4.648612260944526
2.290587418900155
-0.7035429031348108
3.067907535251564
4.36067433562028
2.206082262139285
0.38442097036968215
2.8488964407030273
-0.07884936310287949
1.7775369695463699
1.0670834079966975
1.491654243673799
2.694729313077255
4.8401149815277265
2.588712310329774
-0.1903563188838291
3.083902367967684
2.4651311304025727
4.660986916977375
-0.4740817775341277
-0.9834136845661314
1.2252332099353636
2.6084832028378147
4.056647756617321
0.27020689236584605
4.143818449568437
0.6479888083245606
0.0690995633080882
2.4373751574319185
3.2708890502687744
2.275896602932956
3.642134139022014
0.12701711768635948
2.994843032389362
3.3754896833154895
3.702723725831933
4.884948117314496
1.510155628482683
2.073848324353956
2.1715239218217457
1.0565202124517672
-0.820804614123186
1.476382647238772
1.529254622603193
3.758623285407518
1.375131596751844
0.3468095581624957
3.705234203808563
-0.6660841463794345
-0.8527744274696629
4.944857928183302
4.787354838982771
0.8815526158067462
-0.18238306848347263
1.6130662689064579
3.1702929104981425
2.775320527011928
1.5115512086482403
3.6525878130600162
0.09435651803023593
4.663945290134774
4.787724266180176
1.542967371747885
4.540356273607417
3.6418940288991486
1.8611103151190735
2.5531866745168807
1.2598744008796103
3.8663321187664836
-0.4211635013107595
0.5740498053878291
4.182102448964264
4.623860188340878
1.1794532009721315
2.40948119197391
0.8147085555588054
0.38127177651688915
-0.9702798827493073
2.4982767546761657
2.447945644289734
2.3685743163990627
2.8909395641215814
3.2188790127346145
0.054300482786030946
-0.48772671466006257
0.1399785977051866
0.5542819276524775
3.7462024257441717
1.2440389937469067
1.8321672202640982
2.9748642976354245
4.587366386381612
4.976593925038857
2.5024070723578316
4.962985532790222
3.505618299424931
-0.7108491114507414
3.373839681568554
3.432611969434854
4.557017445330739
2.1271536079239217
4.505887841159745
-0.6468719283289466
-0.15338866557459374
2.573810775275673
4.0592711126457335
