1.1613252293489857
3.0908263585565736
2.8073426496688296
-0.6959757422526054
-0.16175275963186375
3.5711479644975617
2.27865484890236
3.371939388232832
-0.7318501320675022
2.9499327500430264
4.401668516292593
3.991724042233013
-0.9029647402494201
4.802801792825951
2.593117713985042
4.909228616019849
-0.6653206992933456
4.936711084198341
4.64143306280533
3.3969104402638743
0.9581038590008037
-0.822509318217232
-0.055891967945371324
2.795901714366775
1.0464270970701897
-0.9297129279319554
3.8897289306246083
3.357671641255454
2.3179494003920373
3.2075301912778578
0.22550542046498845
-0.588844684023448
0.6934829579793986
3.3000318886036286
3.6234512438941078
3.476548270016682
1.940472696818965
2.250808983124619
2.313806592937177
3.96877245970125
2.3170502414283054
-0.37565186166721753
4.226359778864219
-0.1473460475876316
4.137056757310557
2.419321540216747
0.678677123472426
2.3221045232597226
1.1330530756899306
3.9196833287628845
1.001502612235626
2.849388146368084
1.3519982357684466
1.4163401266719964
-0.1380415689998633
-0.518868462308504
4.20174756863088
3.8012429112166233
-0.5877849586415567
1.2120462132542529
4.984527810008119
3.7860881178206176
1.6516959954732142
4.307428668882675
2.3132185767134015
1.8719777767199473
2.4976386890698143
4.431386508373178
2.385359545859611
1.423946152134893
4.352533565501095
0.6303798566930698
2.419462336039831
-0.6386134407441382
1.018858974465493
0.567581255899686
-0.6878668222030513
0.7601803800509346
2.2214923805843707
-0.6847641765777741
0.3587730443451873
-0.454204312264888
3.697980808325875
2.072265991999558
2.0483662439389336
4.928596561886337
3.8247948442183928
0.9922198290699598
-0.1797352413367419
3.7522675183545466
3.209128473173968
0.584332108862802
3.291350422344773
0.2858847737895285
3.2138916721707975
2.8092790592953163
3.439407920823326
0.03468141458852214
2.192015001565991
4.175652973355457
4.8899740342004865
-0.4170444601843464
2.9911207685470482
1.495291392921211
1.9413101905456136
0.5365289242207425
0.9274570172950476
4.547713162561009
4.000493611379865
1.483903716038232
4.856771827421386
4.3865569543967435
4.520308651204514
-0.5312912854667866
-0.8344301511774157
-0.961826773108583
3.2790252049283195
-0.833630549790076
-0.19529100334370142
2.8945958753602263
-0.6747169486059645
1.0887276213233283
3.5478120427009703
1.1478972509679322
3.87346952553661
3.4057750536296805
3.756965233701469
-0.07133076609688516
3.7146472037893243
4.588671114478796
-0.09971564433051094
4.125817435787116
4.651303719952115
1.9786215244283918
4.006740670242982
1.633549576848801
0.4960846786035369
4.675645464306385
0.924491110806372
2.012397449069769
-0.3405121881084099
4.154738380084911
1.8237196740446153
1.240695815926518
2.240421366269521
0.3770879159219207
3.883466915377821
4.445373671555389
2.261768471394138
0.7159004076684845
4.305527505426345
3.529979729811221
2.641317063635838
3.7010639766322084
3.1233334088464977
1.3562737050157354
2.408673151757106
4.6439051604777495
3.9626270027049406
3.677231586411277
0.5170688242084025
3.784104778079735
3.907358247896263
0.380443126763806
1.552763119135629
1.9807651312268986
3.830933285422513
2.2280949242597456
2.760440450401031
3.918778830519992
-0.9521477129127873
1.2641072936154591
-0.7926441679130611
3.2357125871820482
2.124333644582994
4.452833587308776
4.526505922160814
2.5727949691307366
1.504044984005251
0.5455082583062179
1.3529852929198052
2.8655626168794983
0.42801089809467063
3.7940957241068602
3.5764498029836425
3.2697097907025627
0.31406778797518364
3.1366023515900237
-0.3600090576753736
3.2406917606974686
2.1283705334198464
-0.032627283323592327
4.862183306834192
4.866937362053139
3.13621106336584
-0.36154912196697575
-0.519826942188711
4.885850568816308
3.758405528325115
1.5833559700382454
0.6402319969831762
0.475455751738763
4.42115207686456
0.8138461486453838
2.949492969323972
3.4215383726666397
1.098614679397449
4.762550148767556
1.7095090117466354
0.6039401559216571
0.3015139879547397
-0.33412267245789984
1.076515708311919
1.3903776902684841
0.6310456392288804
1.0408930594816113
3.534570238773316
-0.8421613706663902
0.2157195654200028
4.856713637678575
2.517637554980435
3.972817505055634
2.3552740804775434
-0.3982492808162361
0.2660690187234329
4.137843037292677
4.168235198727158
0.08191792405962994
2.9772832976049473
4.42931687571128
2.3429701227172837
0.7614658531705198
4.644074418828651
1.208018590204654
-0.5403167795420631
0.32130796543477413
4.02927805127838
1.4544045497026765
0.6737123509320939
1.6645644147457577
3.044897083025506
0.726307387356351
0.46259204913367746
4.646344884878241
0.6307131149677654
-0.11024432095004544
-0.9677100093692337
2.7420352213285675
-0.884502463198342
0.2635001848974967
2.050156114195442
3.892938436315215
1.4515118979839308
2.5512244149072325
4.910451422575278
0.3953548441802175
3.2645199425576017
3.3014177560974467
1.2782345472510759
3.9021313291460533
2.7879081547298106
3.5986532928080592
1.048259110534647
1.3351893158107009
-0.5278785098212535
4.099298411006467
1.1297120367688396
2.077210610344873
-0.399885630776589
2.7560753075836537
3.658245548376117
1.889665578730939
2.004730658013835
0.29112384544849146
-0.5986270400801372
1.3451693211731364
1.2575515677182096
1.2980028130147794
0.3495302324278038
-0.9012274638665971
1.3330027747541293
3.374952237496837
2.028727428856894
0.0056382579082845385
-0.7907558905065952
3.7996672706081
3.2538838102589676
-0.19653932468888513
-0.40283658412833256
1.4679427903892752
0.5509425796133502
4.481891864537975
4.749729502579242
4.487404881002528
0.3918769586915827
4.596941515269053
1.8971925074165314
4.639189459732707
1.008710162361667
