-0.32210874229221553
2.046992329446695
4.583086006863365
3.4315509249134806
1.3986797556706243
2.1087837323394494
2.7572210913735575
-0.1228832682079315
2.6641765783721976
-0.48971061747217903
1.2600226143130202
4.2040455703954045
0.2592655324528901
0.17946179577051002
1.2841780474743816
2.3749032315696845
3.488689358039241
-0.915887303999092
3.637147176601042
2.2642749041803705
2.756764345911016
1.6565131761915364
1.8684924290388656
0.18664286780837158
-0.40461860647922365
3.7735766473558865
1.6907320563932284
0.44670790565883545
2.94499669724068
0.19996171247279104
4.8442282254732065
0.7462280135847661
0.6895446287576052
1.9111026291475528
-0.22523269612351537
4.582809032626739
1.9625236800423558
1.1492147632176621
4.599370040236792
-0.013171058086575593
2.4770635508553553
-0.9325542161839231
0.9031668419812735
3.5612866314532834
-0.5282140586333695
0.4249910734016371
2.524746582632556
1.129658843771952
-0.9082336813668037
0.08089954672356847
2.6234530603554393
0.7108385906414492
-0.02735849525652645
3.473865655712302
0.8829473373630119
-0.4757688074436459
-0.05971561941744907
4.5999895740243595
2.5504979696857286
4.941882203445708
1.9759163214716375
3.7790386015836654
-0.8555549706876877
2.1709079017764936
2.027791923088953
-0.4079618505032263
3.516218006429699
3.1225176820942417
1.2245390755361636
4.552919657774458
1.1638140954117753
1.043232884140168
1.3073305798901362
-0.7129075606990245
3.9722254924033855
2.6568442221409234
-0.3682112831020816
-0.3381769443989586
2.7083082655471378
1.0403368374257767
3.663942935184668
3.712881498746847
3.814347885436036
-0.5935258484618064
4.108965803162315
-0.37702760391460677
-0.7026087501548528
2.5432657488293677
0.35395073540326405
-0.39203338698488244
1.284786440011839
3.276609819936777
2.350729039225416
1.4154979890065498
3.5433372094654914
1.5440261485273998
3.2344530794965705
0.2826976779728907
1.7889455648451236
1.623270442594234
3.7659044803287838
4.226996585274287
3.372924152957671
0.39354952129265364
0.6006185027007671
4.650754032323775
3.193716296446776
4.386550033673144
4.733398692909096
3.9072241388267557
-0.9216996418091763
3.00796246562163
-0.7095406975210692
3.410734394271074
3.0932648051268234
2.841395440762575
4.758705619881866
-0.4480161335725914
3.155470005968967
-0.4349844572328836
2.3400134625819398
4.0691505584738294
2.8505842176607485
0.8601199464905722
0.7277862923037608
3.1128968986181933
4.506471949729052
2.5067331622501894
1.5508101186145922
1.084295639288067
3.5453852133704142
2.182898903075524
-0.11766424322399982
0.2493258444376143
0.855108908573581
4.699997678798273
3.687686553754558
-0.07254025786109564
-0.5380156976149921
3.1281753833797703
0.8986569637493196
-0.17564860444871533
0.30922878980600554
3.0123284561920567
0.8963873645836831
0.38250455891153723
4.967988830704906
0.13515366276909524
2.073123652375833
2.3177188504240878
1.4742751214911927
2.295873753320479
1.2857009842180678
2.9008784760426902
0.43766725937302864
1.9795332764419542
-0.40540311744614344
1.6023072150660376
1.792970363861123
-0.3311333020443459
3.4429990245449726
4.156917345232479
2.368327176216344
3.1338229455471316
4.8539237581457675
0.19051896305808258
-0.2945362720213902
-0.9505398767754951
3.307340322949843
-0.8370976038080691
0.07637950653357883
4.5901496637099095
1.4438292728502624
3.241116502375279
1.8318944960645172
2.055812136031367
3.924520010280693
1.6764989368161354
2.8191362561848132
4.560164945958037
-0.8128459391350447
4.068600751454909
4.024465616078347
2.7560812097961422
-0.007917154765867851
-0.9052554147278189
3.19239232807759
2.4954206642452617
2.3208044649418778
0.497251092511382
0.8679178658965303
0.30904660342627444
2.5683233419827998
0.9058618582441156
2.28264960624146
3.9329435038109875
0.9440528928058842
4.667882219386207
3.8961518736300116
2.0873447694743654
3.2319820995529973
4.38609366204526
3.0236545985084655
3.8232664798830456
2.557199661533298
3.8103005984169034
2.968072000223441
1.3509843945146205
-0.9863552505883126
0.17987219253674125
2.1688803875054843
-0.5473201267045062
0.7470761894644535
3.6799284538421784
2.1754860568339867
2.7834916618208547
2.3385768671805964
2.632894208457343
4.835467735645164
4.967828810356518
1.5739325129686428
1.9549904126397424
3.1258101679331602
-0.9295260179532729
1.738600904163048
2.137941930723299
2.8463589240978004
0.5445292148602994
0.4762612297682043
3.933632310821647
1.9051371268445942
2.0377439610256842
4.977862808645575
0.9214251542032952
2.447928786598162
2.220549988773221
2.305211915442422
3.0543889136489026
4.157137535403548
1.3496897565808483
1.0657100824729735
-0.5345504023929306
3.476473861584031
2.2158884769418026
-0.7415270374908227
1.993760622210217
-0.21344422297186982
0.8130246612606371
2.878390368852329
-0.6053230320468006
2.9305996854638385
1.9794497485231206
4.8315968187341625
-0.4782927418321834
1.8402978810684756
-0.3211330613672887
4.59019980912341
2.4821986634013244
3.6886165708155216
4.01887071014365
0.020550610219568055
4.281786811212287
0.6568345792143186
4.098497155022813
3.8784600090653205
2.248049993977591
1.6845831655992782
3.474978989489326
4.3524264024732435
2.818549574804951
-0.535628076511766
1.7480690594993282
3.6817302966140852
3.9166932117014532
2.7886229457476803
1.09705153808168
0.779501455100007
3.3035818621724955
-0.5531541196111092
0.32867436354083734
4.002640387129412
-0.9144462524048655
0.6586820713237569
-0.8965437225247621
3.2973774048700317
0.18995592582359966
4.929902084830187
-0.24944327852320658
1.1929924965775438
2.7086933489780494
2.2750599058651115
2.9648796239645137
-0.2046647705359863
2.8371467405386577
0.43521230877381933
2.280072007881227
4.501533678006621
-0.4214473882229921
0.5187287607888031
