0.7277028628713296
4.117589080559712
-0.15086514814996832
4.769303510641348
2.384356100747715
0.2588277573725184
4.80070498890031
1.4845439357687251
4.684600780681837
0.7322284160357988
3.2621455935280714
2.243252562946469
2.9043316877091465
4.850562077586316
4.273344021804084
-0.6845508704504875
0.5714261982396538
0.4806244313443664
1.6763399775634555
-0.6169356135499919
1.9282292332713902
3.3873201270992066
1.6005945061512685
1.1763389003671456
0.1639615178632685
2.0148274465431104
-0.9270455499484938
0.3949485750736743
2.8892253852407537
4.2059795246696465
1.8002416709618139
4.882738157604242
4.195054084444627
-0.5625963512536292
0.5046988449719596
0.42099196163635666
0.9373863906324769
4.929608304869864
2.6119057477142
0.929186030764972
1.2741363652409943
3.685462208382832
0.9123980773455276
0.728509457520018
0.8916158589393786
1.4544490150194704
1.9762451073921365
1.8516215241877099
3.10218169607829
4.390523091564017
0.7794514453105694
2.3641981241389747
4.638301091581717
1.01361253945013
1.614104308295381
1.9892047138187934
1.9069115311164184
2.649902364161446
4.495326973591375
2.8676538569880528
0.4344997986724479
0.23449340249894313
3.6228116168859508
3.5611332198904533
4.793771158186727
3.495182474307973
2.524421447316132
2.387820097455606
1.8704649011898846
1.7641657329999116
2.1457022969038055
4.795963191646769
3.5943613534217302
3.890397264863233
-0.9220053320850208
0.3934565937562684
-0.3441778585799915
-0.49260900524695206
0.08944818535336596
2.6744454864131297
-0.583379023026988
2.4948160127751753
0.8367533716712914
2.2710679250855677
3.489207255649797
2.3153577315541285
4.768011969498962
2.6660912532563312
0.6742841874005809
1.3347861750814811
3.8056885042576756
4.177699557736728
0.5765113302444436
1.068664599803932
1.3912228956579833
4.8580438125439205
-0.506871080872541
2.9617150795058493
-0.7157318747294699
4.507128765950195
4.925257005837633
0.04368842771327941
3.6081607605863155
-0.46062177174468655
-0.4977714693836146
3.4125501671968514
0.44953773166795563
2.5928813921586347
1.4998723792746294
-0.5790688558723209
3.339795641292243
0.7207145959995533
3.4922872216842356
3.2965010064177873
0.41656397648676546
1.1162181900540404
3.523124618560442
4.845469121764547
0.5804904117238874
0.6564552200552498
2.72120482378092
1.2787153544347438
1.2566541805847091
-0.8870938042373415
0.07356736230277616
3.299537506811217
3.8268833765950454
3.2927237025414886
2.307600935964272
4.664481539693194
3.138461886031937
2.8927392848616247
-0.1901692058687503
3.6895046592332257
-0.1302359240501232
4.327847336492981
1.5118611092297494
3.181252813731467
0.575769193792951
0.3197372860605556
0.7844148280807512
1.2330331667593883
2.259735191497338
4.414521682508878
-0.9982728827630569
0.7670448345600538
-0.3458673080250929
-0.6565032080610653
3.6879627555647234
1.8169871212712891
4.965626259203392
0.7763039758075594
0.6152534583116933
-0.8561999231507349
4.033913147421112
4.358302594007702
4.592349870079033
4.726701269468928
1.669036307561898
-0.8563557284909797
3.834089906819596
4.535649134015291
4.994333518184703
3.397847596335721
1.806520771395392
4.174173239345199
-0.378827847140069
1.0785696538041325
3.4215379114754594
4.647506421978719
-0.04561980515822661
1.5560626617207136
4.990939818839911
3.9070094751063174
2.640123747756925
0.0035946823452708276
3.8302833416490483
1.9811047410009373
4.629648217165217
3.844365570919166
-0.8109248394480519
3.7898020759705737
4.5997905322289245
0.8044153520972026
0.7404495774647284
2.552088360540262
2.77793806335532
0.5446584019864147
-0.5956499131255899
4.571251560061508
3.987245422063739
-0.4456770794708238
-0.6965471544859028
2.8171505888997053
0.08730879717047957
4.901245539280076
0.41233790072397025
3.624629994173927
3.379282451876019
-0.2381947684425454
2.7455000269782657
-0.03811715452191167
-0.5741576919477094
2.476355797117428
3.124557637741084
0.48501471455997813
4.464173162774079
-0.25186032315554585
4.543167676377567
1.6389266742220814
4.9564517909870744
3.907020791090927
1.4705493788266453
4.337696806904047
3.2057180853348806
-0.43405520602702885
1.746667129788043
1.3325767432329774
0.9961934203316152
4.237616263431443
0.7843103444466619
0.6644482856832563
4.167955147835799
0.8788148587158073
1.5250607059131163
4.79324096979456
2.9383585617735433
2.314142354521624
1.8656277295748414
2.6126228437021632
0.38560131146187304
2.592672503551918
1.1226746453041425
2.4013472977941195
2.9576643354616285
4.163449911502788
0.44944584047121516
1.0533917847952203
0.34642304309824445
4.222207701710897
2.1385428196440173
2.4570458262836006
1.1764137650525939
0.8076590829617172
0.25525357463490006
0.1804128671659866
4.162043234745167
3.0529161225466126
4.349309697066022
0.6692675683363207
3.961686317398267
4.338082355595958
3.962959356669888
-0.6152677538170226
2.7149664809175436
0.5063358815693604
0.48412618663666285
0.6236857583679134
1.3481400582582372
1.480584940875787
0.2286954066001301
2.2707080270722306
2.387370942569129
-0.1791830030925503
2.4410793103653354
2.8448117434607028
4.593705374462568
1.3047220300323343
0.5107060623521598
3.3494796397274484
-0.4965196899020097
0.3760198030160493
2.9794614833763435
3.2504266550571197
2.8653121418027716
2.000676279106723
2.749245418391756
1.6619498860346624
-0.6904692356701245
2.6333178224242575
0.4771078568963547
-0.9366322996579579
4.169943002492687
-0.6573824365318186
4.261282286674648
-0.9425548093135447
3.5101474735324105
3.9992726225519073
4.094964037079027
4.282913410057881
1.149138921353135
3.743409873592448
1.2527440655178665
2.514313123840992
-0.21810694393389873
2.6275424325620573
3.0948623533269775
4.563856037932254
2.863003802576211
