0.6877607739683971
1.976987784507493
-0.5177897472202926
2.6056316546976137
0.8441090485624061
3.6146696100297353
1.3797674814943028
2.5506078714620184
2.0380129022786373
-0.23139328246435498
1.8018719500565825
3.296564039123939
-0.0034394194301672343
-0.635778190036411
4.872091054667211
0.17185514773298172
0.6026188640662504
-0.6597925499833459
-0.7060820261994898
3.486650547187285
-0.6206612010650923
1.4819231740598702
1.5471509719630134
3.6347748547144345
0.7275795329566581
1.3904249623863492
4.102638783155968
-0.9783260353455892
-0.06447013388412204
1.6897352726495152
2.879386806335111
2.6706185652784726
1.4114563369864905
-0.9949522915473688
1.8690287063588569
1.9847038804833828
0.724595131174278
2.02137058313864
2.605688244280013
1.4338903417576692
0.0953506061993763
1.0831534303903632
3.9477532284028545
3.167836286410303
4.9523735547412535
1.1103113367826913
-0.5127454949284176
3.3343579935417775
2.5825641569205677
0.2797736080066402
2.0158478449389428
1.0079695497452157
1.9675388756397405
4.1520739084809115
-0.6568472823143616
2.9875770121042073
4.734041756789854
4.352977634573363
1.2597952770153826
-0.404356199818795
4.17484940427456
2.3751552484642886
3.6616843303688373
4.96965947245043
0.9544719722945334
2.5896052675172827
2.815583525420977
3.2237042585893665
-0.3164570898115735
2.6688934292463022
2.2197094808775084
4.017596452633768
3.33283729917531
-0.41084038693972946
1.307131081918807
-0.7843909695844897
1.9644927423313319
2.0619867586056135
0.4260611810884596
2.8618544688683913
1.477753546138553
2.9070158644135935
2.59854603294289
2.9250818383321637
1.9099854935815799
2.5700530542138287
-0.7671630068582478
2.635292817364632
3.8072806874317626
1.3651637776844416
3.378626674224707
1.2389891031225382
0.2382556670974898
3.3801615112089145
-0.4864765960646402
1.2764992507654407
1.0146798566318251
0.08153488630792327
4.867533166116262
3.527392275626326
4.160467901931202
3.368275908023758
-0.9470522235480379
3.6849747621922893
3.726679687086645
3.6132429041894323
1.990300723806592
3.9424935520108297
4.641910483879039
2.049252758332781
-0.021801884222148793
-0.1829447470450134
2.251124729513739
4.644629155978334
1.1363753706074995
4.072122786097667
-0.2972042679702793
3.05282745605399
2.4851524717513005
2.5493159824636127
1.6320035249621805
3.976389577156623
4.964614616644199
3.4919920653937293
3.9569232392464464
0.9869875720472907
-0.03217989439687163
4.380504547197967
4.050021370278438
1.6806558892127343
1.0038041590705955
0.8342663983820031
-0.163818866891432
3.868835776508819
4.290804621368386
-0.6627684135180771
0.7574812381804104
1.2647721645438201
2.5765222845009026
1.292939535554317
3.946369063474907
3.829490533733943
3.1955773945623953
1.6340037848233937
1.1003711127799471
2.4484149345897395
4.078291618266047
-0.45768103027669094
-0.40098470247264384
0.7696638077072775
1.4562972458648789
3.585606906628912
3.4847544703136357
1.575419314463145
3.4950001423829606
3.266003511102536
-0.7662047852193998
-0.001893195159811345
1.7235294522487457
4.307376299433326
2.614625171316366
3.109478472812195
2.4092196269769026
4.599705285046828
0.14285600204294702
-0.8446801563002717
3.7096854798187646
-0.5372009602415726
-0.38015427962767756
0.525797521705766
2.569932210700033
-0.3806662866749779
-0.13547425292736737
-0.9126261751827602
4.832785577922883
3.3444952419004625
-0.2980039786641995
-0.2917588711682977
-0.6685806500987692
4.795507879412745
0.20365680448747647
3.7614631300639276
4.290208790272046
2.3503863953719812
0.5728400765841632
2.285843158943529
4.816721733018195
4.819200598188414
0.5723897232449964
4.973820552093438
2.3006609508052716
4.571339901191731
3.8594270757128157
3.8156225411587954
1.5450913748323374
4.484789558365254
2.726669004075994
1.6142815046706636
3.33951066024954
2.292238685288306
1.1455344193306085
3.510274511717567
2.1423097886039604
1.2403018092006697
0.7655848016533129
2.6615902088175494
0.6500384730973641
1.6738157247796304
2.5808300095978316
-0.09020386621847498
0.20973281986032077
1.6243885058593381
0.2610028265412707
4.290561666046361
2.116445042438717
2.5138364169341236
-0.8608963363851385
3.4888072115269964
1.1742190291895138
-0.10929710745670995
3.612875970805087
1.7764750741048898
0.17810030789813114
0.7570951569627797
4.621894349001729
1.292052156995931
-0.3267204727912685
4.60996488514422
1.7300376261317454
-0.7077034501865134
1.8796725551899947
1.6449268551310237
0.05392302602449828
1.659456238805734
0.896027170601168
4.589686947829429
1.0574550974869834
1.9863221128948938
-0.14849194651755093
1.946910524453362
-0.9229789278610474
1.5839514702901756
2.713918500254914
1.1362987573413257
3.1756340936895695
1.6687262594990022
1.2412295514742402
3.311049187901552
3.4890053953313016
3.631779884610207
1.7199862349815138
2.5310998458063696
2.9608050210186003
0.8401693382693753
4.728714985651631
2.2228079913194447
0.17164656506064424
2.27479373045103
0.12643840761435943
1.529124093222603
3.456300865063218
2.506901344792711
4.483402139064446
4.8757150299264955
2.792659756272677
0.2521222805607477
0.7201106592210162
2.151773899062242
0.031075133055843196
4.442415098359219
1.8917116584621994
2.6188672936677126
-0.9068042852529674
-0.7507197702729109
-0.1130744890000539
-0.4566541828216186
-0.33543101604495296
0.727729654237244
2.0787097156626455
1.4353531397350445
2.227180850163564
1.8696812999442507
3.7615940418547984
0.8693167553859247
3.4262620942448443
0.8293909410648064
1.9259109873281788
3.207168032785586
-0.6802504931665165
2.0096331908677545
2.840275877969443
0.4062235736355919
0.7745349120080696
4.621016246600227
-0.5540741046103239
1.929088866341563
2.1587179844218793
4.011376671997115
-0.756086181180798
