-0.46437602468571515
2.3546800193148236
1.9436310718976921
0.21530333850836847
1.966735320274596
1.0571220357193192
4.749844101771122
-0.4444989964582249
3.6154260917163903
3.5555121977098114
0.3128381722361506
1.7701804943512034
3.4511075510916696
2.9996361935502263
0.5604628488118382
3.475110872979265
-0.2232575420420948
4.48012354663892
4.662325909960887
4.949090791210625
-0.10854572815120256
1.4468603871438477
0.08252841786505782
1.1211779945094147
0.3539739079267854
4.652434623600588
0.15136622411151435
1.5278737123362518
2.508517800916458
0.22872512245267806
3.824291200528979
3.899791414018148
3.8664391132711833
-0.3519696254529332
2.1681483836710638
2.902271512025117
0.20766676403103124
1.6812202612715357
-0.07352501266259459
2.0427238293099874
-0.6295649883796299
1.0873013958571538
1.6598837900070382
3.0697145896924116
0.6187625044681215
3.4150712865280006
2.623495163354118
2.459951123478336
1.4529447663092125
4.711819199421316
0.8179180839529854
-0.2692792916100937
1.2924763592057822
-0.30106688546511884
2.5053562489809256
0.6090891627124353
3.351718899237092
1.2664408386798747
-0.8373244200482455
0.653325868036434
2.496666925033148
4.845834138252076
2.5445103749504083
0.8576077769465307
1.4878579291951217
-0.7466891293097146
1.398698909488111
1.61272527803035
3.76877437553021
0.5884102806312366
-0.49253737923981933
-0.1886309701489648
4.496509275970778
4.029569980285098
3.9367292628430155
1.0780933035788767
3.616517105927471
0.8706434332965591
2.75019718683669
-0.07930950177442808
-0.8430054863715737
3.132065415752753
3.9951406906667097
3.517429381181632
2.0068602092306236
2.459276575094632
0.800850472764091
3.656121685064571
4.106823384629553
3.1412114345537203
4.283085306174936
-0.700901772482579
4.329623245535635
2.6715065065153967
1.117067311019421
3.306896298034533
-0.16817519908158673
2.932844185665874
3.063461347719496
2.1644286221971423
-0.4311737352778069
0.5258044762386542
3.3956171203701357
1.5568729851007648
0.4966618919579584
-0.6230109221282447
3.5711010312841633
1.8465037804252984
4.719732281482166
0.5625448175756211
4.606270881364851
3.010603345983154
4.843311719024776
2.9829534682905634
-0.9867431348296789
2.6347973477572397
-0.008500027157397616
3.343987086663777
3.1530636856913556
1.1754947621953589
-0.34883786081175483
2.0578292891980974
2.41427432444274
-0.3263971844078435
2.8388927266269794
-0.31045367705515203
1.814106930425753
4.257716030926805
4.807767554010129
0.33952612539358284
0.3102443186322177
3.3361543563069187
-0.6307221271443941
2.277598702940215
-0.4258305325449243
1.6135645049591294
0.009265050617641934
2.933824557838665
2.4126181462449345
4.247076820383286
1.413893333438291
2.1484772736156446
3.502648274641631
1.5397920140056116
3.6433563199911507
2.7227573760415247
2.7018622677054873
-0.7988595024482115
-0.30676913444983267
4.986002637182308
4.207574746614052
1.8238305602762068
0.44786149141335296
2.160626078302335
1.8551179040134729
1.842859898121127
1.2832571709364227
1.864793772289798
0.8871267476413678
3.3489325277632283
1.8048461096384978
3.7678431385814246
3.8949253631426073
2.754507695278785
1.7464823692490592
1.868239808672465
3.836216355938043
3.616192627722496
1.501717211664979
3.4208754263434216
3.7717023637447404
-0.3787482891404994
-0.9954359660374954
3.258319653915427
1.3951619344664614
1.3418527792168802
2.8163200850972014
-0.00320043445485263
3.4118356820376983
2.6462853481594264
2.588005010803991
0.2987377820351127
4.747561535896518
2.072485075499846
0.40969774000351
2.5099894310891853
0.4406583717615995
0.11515081886421052
4.471256426352726
4.190782981549857
2.735739001645646
2.4594266191587586
1.9998873662071484
4.5958269271517915
1.8523810710713207
2.231507917558311
4.910268649963023
0.2850086578532507
3.112482001883804
2.9919823487802484
1.1362282576553508
0.11903228748674755
0.28280139643051383
4.455937701847239
4.006586519134841
0.885230450245504
0.13349023555195427
3.296405760438713
2.599817709391346
0.2234404895134079
3.0394175487138835
1.457925262680075
2.461445754084814
2.8798246539411543
0.10753054468785828
-0.4296692965226243
3.252270352963052
0.7803867954240298
0.14185470710119863
1.3719214509699982
-0.3930045491443961
0.11882074374765228
4.3192168028688345
3.0755658140778515
0.27795014406116114
3.091257332589498
4.026317495175838
3.8904308112071924
4.694532757300566
0.8430379032561339
1.691527477715261
4.229597075452954
4.77165283283577
3.728293693063522
0.3076344173815133
-0.4234109022535508
-0.33231741106651747
-0.19582961698345436
2.50761924503518
-0.14738116677987723
-0.5886542429012134
0.12815249263291673
1.539988173760504
0.14833096335602858
1.7519513963928315
4.826941743978011
3.231174206892282
4.623653041771628
1.9401463967663473
0.22548826472810535
2.7848736366464006
1.8010324525559875
0.9767211839501069
0.3481247424841616
2.5593045791263096
4.670194204266676
-0.6379620203351608
1.3218396370054153
4.837659156014066
-0.00277514089725428
4.686357243240106
2.708206013131316
-0.8600623697142407
2.931681422826422
1.9836908700859333
4.738917819955735
1.079726072069219
2.0888655911149447
2.859853319481519
4.742609777736671
4.619756912436255
1.6042115437290883
-0.8659514565665105
0.2609689109292639
1.3972032811366857
2.1718187464342047
-0.5501282075454517
4.8802614776505955
2.8233383049758833
-0.3564233319363026
-0.1770005634909293
3.5905152588286606
2.8495024870979977
4.310648285025547
3.3548117815059024
1.3973895970065011
-0.36514507937218244
0.7327496411289205
3.652532133875729
0.3374120786306636
4.122868507173134
4.666101924866387
1.3366307479777757
1.094165378436796
1.3030853304245391
3.2733702420375135
-0.7603318446529197
-0.5864424767843495
2.314458693614261
