1.0986003265965305
0.20380277794982615
3.1539680142194335
1.6342916668718361
4.521675391907285
3.9726885211371767
-0.9706502561800474
1.7865996517163922
0.9845915074156661
2.6380562788089907
4.270067487751618
1.2990091696021229
0.6136634696622074
2.9801508434225283
2.567029170354603
0.8455791160466652
0.10311948418026029
0.11950194176693185
-0.20762926347983668
4.345972667349971
-0.2429287378855054
1.1140305686536394
2.415140545708936
1.2968729314075893
3.580909950191418
4.860621634557284
3.816483256946044
4.459354399917922
4.165260420080067
4.478468191724547
-0.2875997336784091
3.71145117475816
2.0291921630547645
1.926795828185158
1.6097590203352166
1.3462516993925977
4.348116778216554
1.2096631026061733
0.7535385646502812
0.8148847208369265
0.5983252003646535
-0.9929288384840829
1.9465665575181208
3.4021986841266756
1.7434481112178188
-0.3938607584919085
3.440932508206739
1.1906827945823473
1.8916200815980382
0.893694778020655
0.06136266366971621
1.701664327246644
4.5827380162742415
-0.1259772194117419
2.909419772092776
0.13844178129286733
2.166224383447118
4.61222755047038
3.577458990705056
-0.40182564046143465
4.177102308369044
2.1970096199778704
-0.5258569571866887
-0.6929537123804819
3.4313113212528714
0.932140487008257
-0.3867802256769626
2.1922451221845423
3.8723546400132687
-0.34621007950846394
3.86615413300453
1.0309517739509086
0.2320616599299994
2.4744241601299546
-0.7792677114275872
4.627602588511525
4.851593660126905
0.3375861678990506
4.115044654029753
-0.8856081908945126
0.5396844626092203
2.643255251371345
2.0795201049409684
1.8463745623012917
1.5084961928100658
4.310930826242471
2.9667965609981692
3.6333323631487415
0.9641105740794702
4.221937023093661
1.167776280205839
1.3358301801005616
4.278625494248444
0.26601503401189186
4.735830877429182
2.8827664657109664
1.5114281009439403
1.1518210850775588
4.8917166235906135
2.8025856166657133
0.7490009617123643
-0.06175824823743015
4.0573501242680114
-0.2593705027731945
-0.08458441233238823
1.8608227313885513
4.74098608438759
-0.7841803503001645
3.8795186446970984
4.690813269469616
3.4984371326174966
2.1886699583891236
2.098954786841553
-0.9384558711242412
4.200060612187224
3.574510628866098
4.085414025172184
-0.5590602567725662
3.0720287384042306
2.4481891876645827
0.7716476658769555
2.4088114939999583
2.390375686899455
3.1859766289541813
-0.792785116245516
0.21438705701993577
1.9469448710132302
-0.957689095174121
4.814095885081794
3.0873276835157064
0.34316101265922283
-0.5666373716150064
1.282572058979384
0.005391663671061364
1.7072761080264938
2.0172299452738547
-0.12564589140461746
1.3234564959362252
1.4998803876071056
4.6224503933991254
3.2185386638831472
0.30503073961730776
3.9840751003010704
-0.0850006091966986
3.02366459328044
2.6002541576741045
3.509347576728678
2.722144142979754
0.19330751355913933
4.270379750405973
3.007294301548371
-0.21554383918773645
-0.6749425092188301
4.612779312272231
0.6717328054849969
1.1812551923901529
4.664034113933894
0.5227481843145665
0.418621876984381
2.831715641952558
2.73616945647883
-0.005398227231212527
4.085095206927865
3.3604654843156094
0.8995680587765957
4.523773569937866
1.0258715951170752
4.029293013077466
-0.8465797638451384
2.2088234032068605
1.7798283533150396
0.046118570623201904
0.7713523674988707
2.950817882688794
3.750250181637118
3.2886755302663957
0.9717732999578421
3.557162982729796
2.156799878271088
0.3271549730166019
1.5122697656387278
3.0272112573039536
-0.518338894892747
0.11515053242332751
0.13555538323962057
1.8865227951488448
0.11988429162152459
0.034079672320524335
3.01008822370659
3.22534598908008
0.7923937871968398
1.8414913454548802
0.28211168504593287
2.3557991372428844
-0.3181833388094446
3.490169174282175
0.27588193660308313
2.696218482439073
0.7843952204721565
1.7707550431155448
2.7557542677373625
4.3555192017942765
0.9258012695694553
0.6879855623085436
-0.9394057769503728
-0.34150785709715814
2.526371976446187
0.7272013138891231
1.5500609509922807
0.665995792882424
1.442246939175571
1.7268334539562096
1.6979473190398275
1.820489683447522
3.986883469107876
-0.7220943552176251
2.347674778590827
0.11933179534240357
-0.16214365913365003
0.5293905031179993
4.196021886073284
2.6834507518720185
-0.2075285586863358
1.095835005265629
2.910590520663789
-0.16401461583807397
0.8486754019339482
-0.513036908020267
0.46059936086886566
4.092434588194962
1.2257333474778935
3.287524429257992
2.484814569950278
-0.10832624546840353
3.872430086532482
3.8346076579152646
4.350987859097495
2.666504539097008
-0.5230701394832133
2.22409346758195
4.0654700233043926
-0.4876496137727353
4.912494391764174
1.8397076139380997
3.701321893344307
1.3195342231744878
3.125544793215629
4.124762045713002
1.0824791271699468
1.2601973474473365
0.43513466563828773
3.955818528895234
4.364784126130095
4.673920161726091
4.6702613826849015
0.30130979770010513
2.2471045058277683
1.1221551184617287
3.2294514808663735
-0.5684796777819492
4.9879049434545415
4.504859076989399
2.852870939369526
4.924713454714057
-0.661945997709418
2.5577183231033214
-0.13272703499141514
2.2853737948123385
-0.32913730048945444
3.506917273451001
4.025740214058558
2.6298295944881263
2.939793857079157
-0.790407638529917
0.7867250893105562
0.2397138409903039
0.7269010728657985
4.062383133808966
3.458009765418372
4.871998900919014
0.6515413460275177
1.9821272783490222
1.2798118826698301
1.9848476106608297
2.3099386868568796
2.344652197751813
1.0720002493709533
0.777357184087939
1.6898757509782216
4.712003298901305
0.3744095064576842
-0.22477148306264794
2.158014566704837
4.633280178847958
-0.279891022953749
2.5186396550440513
4.156904071205229
4.7902538071165415
-0.5320519410169291
