3.9722803863012466
2.3176627939775334
4.462005747753569
3.131049931443795
3.071193016134374
-0.4416574158822655
2.1504352221795813
1.4652939745970284
3.0826568060683055
-0.022063736037641446
2.4370840983452475
2.5616977937261547
0.9239825715825967
3.788426731547407
3.3030294059527234
1.6691600253594716
3.903253042143973
1.31689333377498
-0.3776587341230524
3.225987628692506
3.091200207995726
0.868420403519558
3.647121333252076
1.577905221850501
2.4603333788461565
3.2456266331190093
0.1547392227489981
2.2435037382921443
-0.2692724251423133
-0.5193159909741145
2.1807297850863674
3.3988637485646027
1.6959100230229902
4.3393782168718635
0.7037353885829696
3.654185411204697
2.1752254374063607
-0.7423739817342792
1.1490477104317378
2.6710046247203305
4.88480284395871
2.9321144947163225
-0.6895752692565331
-0.11950549563921742
4.596722716220044
1.768996517427631
4.882870596149968
2.366386788941439
1.9323670725789501
-0.8696288017165241
0.3638707868411404
2.5875269540773047
3.3120527615347424
1.5140235675010087
3.9643043961205686
-0.3867340727789992
3.2940282653875306
3.1099989161125343
2.3455620283217833
4.554819047210113
3.431281644817763
3.852817796126449
0.6117051084135572
4.719908316385009
3.6094395111549282
3.6488541196022783
2.304055916630094
0.8145598980289308
1.2537382527178114
-0.5054531383971217
0.32045948483438
4.863603196052368
-0.6020162902415955
4.442382460273571
1.503374593435293
0.4719051372258525
2.5106602333581503
2.1647247063128248
2.8972779288237254
-0.5514468000953798
3.3371387481555326
1.5374450230479786
0.7535735803848551
3.4376252692876106
0.4915280884154605
3.906734692816431
-0.23759684821060922
2.2477753660749595
3.3782667537759563
2.058144024307431
1.4605256689798836
3.9667444584099796
4.732626504489512
1.1758582861155409
3.1671206088834483
4.514682741995913
4.914935989798022
3.833050612385838
4.63938876501981
1.297860370208387
2.868798861793094
3.554096283873317
4.287807501021086
2.4071511682269047
4.084940274331223
3.41016692578507
4.706314913303525
4.000481957144284
4.353168509170312
1.5176031163598704
1.3134020829293203
1.9141479658115235
4.242657509890434
-0.756245164613893
4.399018323216975
3.768866484066379
3.186504585626081
3.0019332541198205
3.7795965776158864
0.6567162338380912
3.146749022173511
3.3879988838463486
4.415646300461007
4.891246454378453
4.825114898247957
4.278693408335559
-0.2584081570217345
2.5890446830956098
2.909490944737334
-0.3171253656743709
2.4614816985819408
2.3289834268500753
3.1722964363090718
0.24018319057589532
-0.7388137145670941
-0.9536696294691029
2.523941599539019
2.8413553177566953
2.709994194487775
4.301216589755451
3.4499585464444955
1.0920223835703284
2.273454357037963
2.8429867673433047
0.7156324152610103
2.8712177122449414
1.4270549125451257
4.382864802423836
4.506161445953704
0.2123831084611174
4.710798534733106
1.3119083856667628
0.12750690885860028
0.8049794785225044
-0.15906843136455362
-0.7862029663655741
2.285930266689525
3.722975175483806
3.3023817549211136
4.823885587856128
1.0372133197439486
-0.21279654110816315
-0.22748774152526252
3.9561290492519943
2.221568131581371
1.573256585675383
2.180258915156271
0.3459867042364828
0.4728705238091182
1.3490011866681773
3.588116198787781
-0.12269786411757844
4.930285160991566
1.4770103657277156
-0.24337665534506492
1.148548971832597
3.134377773150704
1.9017999104879442
2.0577968434767024
2.504670555796018
1.1773732578439793
1.491519971935237
-0.2997573729749521
1.7818973972235481
0.9207395013145023
4.55475171134932
-0.800063509840987
-0.6078999334025463
4.185247345757009
4.732761271217141
2.058761901045693
3.2969251245973057
0.2676491515581505
1.3216811005007383
2.7741157380332284
0.7751853473486741
3.3434139212406038
-0.025693608765612996
2.861854935650288
0.49886271975579843
-0.021989495092447964
-0.9421546560802387
2.559128306141349
2.6168898753790044
0.7990243184679677
0.848647884874328
0.7762467629469783
0.6343904235894353
3.002508918964872
0.552632751920797
1.8289534426627112
3.0830198038335874
2.9854107638838117
0.33091868759295173
1.566381229210137
1.1136989828567474
1.8367907092014324
-0.46324799418237617
0.02007101951593171
3.655921895378736
4.110680580183958
1.6394785504675036
0.3936980785887729
2.8431523050376195
-0.04369572266123689
1.126632573484672
2.942082050724661
0.03279085531625925
3.464763790648525
4.993022053434241
0.5779313713171494
1.0952750534936122
1.0590045369202716
1.3516994308091368
1.6222025499435393
1.508502030732962
2.5832436803903107
1.9624584598361747
1.2492595424049995
2.1082126738730085
-0.9542807675644642
0.1938830526418729
-0.25185519732898
-0.2266716668748845
3.1533499216106735
4.853045463751991
1.2632265174110966
1.4624253416314832
4.710848276278577
-0.19447068676897095
2.694700642420817
4.941177167292965
1.2856261467801038
2.7912646663926566
-0.6656602871753028
3.5644702599354225
2.600913216880988
-0.8326269888841027
1.8168001647113847
0.7048525571714763
3.085039150522233
3.7103531868475805
0.8702657586744582
4.368616709872889
1.9282320684351832
4.247629202911745
-0.4400816184164398
0.29935146944583146
1.3870070301107393
1.1487528190038327
3.3030069751853235
3.2926538616393426
-0.9329096180378742
4.533101534574354
4.7176863405325395
2.982295323546568
4.60816403080833
-0.03835037204140135
1.2494473035847156
1.3545194786097525
-0.37703192097558347
1.3198679672744715
1.4843147864133757
4.594364874732171
-0.41148089330813953
3.7693861830033786
2.1102475882841683
1.406794914240642
4.597479365198101
4.577123603973368
0.03871739580083
4.05047925906702
2.419656131006527
0.924016565044943
2.5306736924874347
2.2793094260262636
-0.6738713440994168
0.7572899965559192
4.940665012489648
