1.869679225346637
1.2054165602183669
3.7131684923360853
4.909054339529957
-0.5399227900287582
0.42233131669656254
1.0877352709854669
1.3496905388471463
3.991200596276247
2.9935342384598185
3.640213941470952
4.790421078347023
2.8856090748584777
1.0280570461500664
-0.34020650435119304
3.398344734502171
3.9144357872897384
3.756380525717023
4.24398025189479
0.5347116369236542
3.647518647912806
3.7960379493447727
4.6348746993382495
0.4006907713250427
-0.874198082169279
3.5589959723077706
0.16691199172082638
0.7862896157525399
3.6627775397396025
-0.03214467378847852
4.764894699069235
4.206692469489017
4.706665335159771
1.661816692639655
-0.029311786955867003
0.9951633146264385
3.348110390985882
4.481009875980714
0.7142026343865793
0.2682254668073525
4.428517170240896
-0.847149191051976
1.1127051699808872
-0.711192061111398
-0.14415457293776712
0.3789097680522491
0.05634755290992399
0.750659381161008
4.387381317688705
0.773365820533285
3.9622746901979333
2.4886281479289254
1.3337423072547656
2.808612231962056
1.6850406672103446
2.0252545703469362
-0.530850352999577
1.9724615179992178
1.4040897172922149
2.327876716067705
1.25892565777874
4.056664542912992
0.3489851144474707
3.7191151038436656
1.2586992183975978
4.343127148404376
-0.9141692314577261
0.4266892319440352
4.060991905995182
1.5157544051579652
2.3683417971778122
4.2290144489919586
-0.6601115862235314
1.535881882485885
4.635461166976889
3.641420290015205
1.434220226592287
4.111329768879027
0.7262137920779834
2.5856234590304608
3.3340081075637205
4.407384193726159
-0.328604507530746
2.9190822312616103
-0.11442898622443565
0.43687423766347755
1.3364901258145983
2.364577863628669
2.4583901688338
-0.5411425755334807
3.2006193609966367
4.3231255947938925
0.7843433200931713
4.621083650405834
3.7391992325389003
4.4760493911983
2.4735867104134845
0.42387987857706455
2.978257025543132
1.7506715609086445
3.2990504575364
0.28603954194027703
0.349187560988637
2.2208661070817737
2.462810764877264
3.166098135189918
4.2459512736149145
1.3995715643091189
-0.7657716210241385
3.250031664115129
4.582358394200285
-0.9370672699320217
-0.8858588807573891
2.588009600951507
4.65313108844193
0.19795907542949087
3.171681410643423
2.006893393808429
2.082477546976821
2.9539007777814437
1.6213069128889837
2.3685874906365343
2.3494475915761512
0.3551603473439626
0.9422929964626006
2.180469521108871
-0.25540600849898176
2.895998032908884
-0.6333906634831994
3.158498811190455
0.3004442283838007
1.2306611602274442
0.5024897676840712
2.0070812238368583
4.1074147290903715
2.2325328980243793
3.76626703673442
-0.17414897482969738
3.735524411277055
-0.3479717775155551
0.5542761236296745
1.6237328185805446
0.3935390174480895
-0.0984200856250046
0.3540580001842062
3.5359665392306487
2.825764449392611
4.167124033817032
-0.6883574707034039
2.5904037362003747
4.465930046313731
3.204514474651516
3.1990520588081477
4.021444439403355
3.7165147166604555
3.0643673191751057
4.087799102654902
-0.5572356778483425
2.4724432233982565
0.6055675200270338
0.7913863789496656
4.764345399612955
0.29505044633525634
0.6992585562797444
0.5577212894345343
-0.8525812692794597
2.0332378129185806
1.3682430946001154
1.5499508578083243
4.249692271455409
-0.47342486161731223
2.3574939489172424
4.597147384384313
-0.17689221104441089
2.777012196566843
2.993539526097818
1.466839245382424
2.8162533922410917
-0.7948987820308937
2.1287303481130273
-0.5460137038014377
-0.3295066425083719
3.418028627437386
4.0126744939239565
1.8128830565326122
-0.08649017974325623
2.480005401885161
-0.044224885741967146
0.8599830134205819
3.3847405267856097
0.18890238894674471
4.436018246127359
1.009232384395217
3.050548827137712
4.005188940594888
-0.4842371946203652
1.904404538168091
2.3680982895438376
-0.910392005572815
-0.6981173709769948
1.410559292533753
2.7556802576678896
2.8727212963333293
0.0368641355728343
-0.754603133133563
3.991188399878161
2.3009884017217423
3.7424815021608104
2.335376271668517
2.0240429970119678
-0.20469463509116115
2.086643452736735
0.30159959552304594
-0.27398919331701554
4.612242079317028
-0.7471055916817655
1.8341631776964755
-0.8543123413992293
0.15546576041986016
0.4564432516876429
-0.01653287477655807
3.5751834934901243
-0.24293778025761648
4.6915630890461095
3.509616657088504
4.4284141790368565
1.2429806410874638
-0.5705530145701638
-0.40442183872390824
1.1540334543076574
4.477952348846229
0.3765613761223061
0.9588272563911748
-0.5594065755139399
2.1091258549691396
4.547008785326306
1.1404665328275128
3.8528456037701693
4.266901761418595
0.8278574003059576
0.5690185507776271
0.48236777873475734
1.991144040475164
0.27694890179073806
-0.8861821551849409
1.2572047308822345
-0.49505703684420266
0.910997796077704
1.2931777757821203
4.056084816516135
1.6083498565646073
3.450971633490269
3.0731846274805203
4.730522478069197
2.6450805117908107
2.8992678222846635
0.7149379611316384
0.6985086679960077
1.950473333771774
1.6118880379838094
1.0653976398746696
4.676853080632121
4.255686230857548
0.003193118263901118
0.9953741304809278
2.8405970040619697
4.087863998874199
1.353558864899195
0.6380017992203075
1.7703564653330006
4.239360314196444
-0.41059045351073853
4.527172867741396
3.864842411794056
-0.6318986958190067
3.4199552177980097
3.2683320794247033
2.974390370887477
-0.9140096266025839
0.8894279491315935
4.505441791695284
0.9340116333569319
3.4849139567252454
3.66819078757357
1.197237841662961
-0.9623911002630074
4.13204816170153
2.7607304982878285
0.017846267771878255
1.44467440670594
-0.431129690166556
1.557062337556407
1.71628493096883
1.1493351496470412
4.065242506523776
3.5911473703985175
3.1180072539951365
-0.9247552618363826
2.994110456226683
