-0.6095280571906012
4.770498108203122
-0.23690887943475558
4.647599824596212
2.1389945643222967
3.401993780360417
2.5500554571956657
2.7547268769713202
1.48445199352894
3.4124454825724646
4.056437823006933
1.019926729688767
-0.6394017100134979
3.1436815132130107
0.20575085499273804
3.931505565623742
3.497454286373314
4.8488266564763824
3.3546020618891292
0.28228714156740664
2.079290127984255
4.34194521139357
2.9261160528437697
1.1815680357096552
4.4948173214943345
4.864908699194608
1.2112227148942778
2.643010203799271
4.095857704446193
2.369665250101252
0.5157393063061442
0.8684039541280677
2.5226057209646897
1.4928558062519621
2.0549628004966918
0.3719956080250977
3.7672438275492075
-0.4470278449183087
2.4167894837834085
4.571028248491263
-0.3040761466397883
2.3692715315322497
0.5552712309530519
4.740305715395719
0.06554952887974341
2.211256109642984
3.824354408295905
1.4000703437903375
2.0248420384735994
4.583077178359504
0.5387448549620764
1.3874827152560933
4.8623636627143
4.813020435534808
0.4714020773182199
3.8286285099641972
-0.8694508074453973
1.8058973040620985
1.0424094882817299
2.8016901023043514
0.09027365660407449
1.654931024750855
-0.5701053700391521
0.8865940897385471
-0.24196793589853627
2.5178819764296154
1.8979152631918526
4.95218980170652
3.4902777969101138
4.389418757067979
2.638779810045428
0.23999007839650388
3.6832077364674314
3.713090210955164
-0.7537595129541179
-0.5976881462402033
0.19098053092245793
1.0983391043532862
4.132475263677034
4.7352745359170925
4.229954345762775
2.018167319173906
1.7046747301325045
1.3414381046632355
2.7634047217794513
0.19942802883412947
-0.2742877389454623
2.3064179995593306
1.3822729226409916
3.9004021469482826
3.338604213505972
0.936482020400504
0.7530578402241077
1.086261207274088
3.0761865395464474
4.91568877726442
3.434123071949882
4.270700950500233
1.6725233890136684
0.23094226946296148
-0.29283191102218464
2.8417632106954507
4.992384796319445
3.4931667767867554
2.0019482532805846
2.1357154185947853
3.558049716633848
3.4816273890268175
4.042682190280644
4.134053752929743
0.11702429555506
3.26906621011889
4.0123516482682655
1.3633675975078288
-0.03616284933664726
2.263276642755889
2.5698613859860693
1.1937990369563614
4.492726731684872
-0.8804098215581979
0.9385973539728456
3.655961225638035
-0.709737994149005
-0.5503199055234878
-0.3883550344098414
-0.7045272804780005
3.1582733021680793
4.2388768438214095
0.4336697447573301
-0.35859951593547024
4.017885175214131
3.76939477455043
4.063832570228961
4.061823515327648
1.4697930356791091
0.05429993489741047
-0.14560435019511564
4.514765618701959
3.0674621303037544
4.273077500133209
2.723189313385728
4.175964252330073
-0.5071179506573196
3.1901183492576752
4.799777204919071
4.710435453770157
-0.9585827752872358
1.5845111715335367
4.459731703019287
0.2670424770793802
4.196487444483774
1.5595506090277267
3.4552281213371145
-0.7452412101729009
2.5032515354752034
1.4627283212034632
2.703950037801051
3.4654857220049884
0.16629443501297692
4.147682677122468
1.7690116731935994
-0.14319421686607403
0.562919207402856
3.8837428634441835
-0.3811316115909198
0.3328242886236348
4.291198817459872
2.7749732193294285
0.5351202356898339
4.101822879207361
1.0861201928389708
4.593447664158535
0.6392036531029148
0.9297666149428718
1.0031969342584612
2.1018242088810224
0.6942084249073976
-0.8945564024440089
4.5222120670469685
3.765626775251084
4.535596259761817
-0.21235044735149033
-0.7697737112045568
4.0154652825368915
3.159344388732948
3.7352724336447665
4.708845919299023
4.211646297944684
4.519836952155852
4.3146191092781
2.9683255856780724
3.9083355684949073
2.2158216669486803
0.23416962448133094
4.799266268727963
1.310504518367103
0.09420465993979943
1.9855392216385477
4.9694343168068595
4.836887491223054
1.7701520225544822
3.267688463957665
1.3886946350223344
3.963212088102112
-0.5288750453785247
4.4270938273802685
0.8042479659600443
1.1931507347465455
-0.5474102814412536
-0.10354796586340731
2.4496127668706995
1.8564274986324962
2.5819164961580134
2.614524019247937
2.670581470242473
1.9263483965835682
3.1934370587528775
0.8520522426283093
1.5391020480568502
3.574079209689593
-0.6039035783789881
0.5349941203246835
3.2355634834304094
4.654912122430564
1.6098974668940658
-0.04338571404180169
-0.9249627369834386
-0.6862821539607229
-0.826603279464599
1.291785419095051
-0.8873026322289299
3.1298397523801134
-0.14993874274178043
2.170983662303524
1.498210764599686
4.418438889132998
3.611946520416514
3.6771450592601624
0.10284888938715508
4.157615084674342
4.828501999912049
0.7159707597330744
-0.1428891970795596
-0.8174905939670789
3.827332446803082
1.5534888277150394
2.920557627533012
0.5234563816515756
0.1053874434157891
-0.506946546073386
0.6937947247689933
3.1954592737364527
3.7076814311543806
3.4635499242015415
2.547737447994183
-0.16945557193806016
2.468745652181477
-0.9479925982353912
-0.9108450345660835
0.4530336769533918
4.02002523215397
2.1593785019717204
1.1996429684374297
4.815604870149777
3.244160699531891
3.4178964983668205
3.929822100320523
2.851339283116663
-0.4532897815599908
2.4122536793722085
1.9541452852787682
2.6588084190365047
4.5014388075665925
4.669090980209164
0.43894381222533974
1.5335531677908758
3.3627956491067543
-0.2993135432591454
3.448260279103474
3.563571464953956
1.6110660243583208
4.832482133414199
-0.9943512323355139
4.186549405440669
4.161344673145196
1.2447852602683174
0.8743626637880892
1.6171128517891078
-0.8798588218767187
3.7236188009753235
4.50061040910779
4.109634574854128
2.861661363414452
1.491742995578866
2.921797574117326
4.502439850688023
2.525501023439106
3.2506782706873976
1.670415252019314
