-0.6574367326873902
4.489386213482872
-0.41984510164469024
0.07555639902514355
0.9155488285137239
0.5487443694612144
4.805355825268423
-0.36041458381278324
4.856169457301778
1.5751540074023627
4.700862473181788
3.5577310085320866
3.161579127659847
1.0194891377990736
-0.7758520712025931
-0.2561843637040193
4.8924005619960305
4.421734087009066
4.218611385746993
4.046251415328971
0.24560509757925075
4.804157983699289
1.4245708074007069
-0.17521868227581994
4.491849677910194
-0.7727580287337978
1.9892315884714038
0.6514357976015337
4.297123125221752
1.7210543682259147
4.131586229114948
2.6864441685950275
0.4104666457318611
-0.10880074651605387
4.005921466474564
0.2502105218417028
0.29777073783740593
1.8632267582318098
4.237969069350827
2.909144374089718
1.4421960316011528
3.9443446064148997
1.6146738252286181
4.247605785270144
-0.7972847013448183
-0.32839378250196627
3.2649900332930626
-0.6838289805139415
4.548864063709711
0.22779212030661422
4.318805722008181
2.69033985511851
2.5240702033976845
3.2774220953255346
1.4025646662712936
1.2941005275461057
2.9903770269742322
1.9377465404491434
2.582537543026584
0.49067427288143617
-0.8535903734336294
1.0668026381955853
1.8074714137843317
-0.5919422704251458
-0.4609004314096987
3.4274960030195922
4.144986122301992
-0.9933167244595547
2.501032208716087
-0.9990465715730414
3.8245460497965365
-0.5067228881460548
4.463466755377317
-0.7691372270737578
4.999988838434488
3.662553444246468
2.2184086687732156
0.5803943491507286
-0.30719291881657207
-0.7112695971093648
2.1691231108644535
4.610053989565034
4.250836922199596
-0.5495524086825061
-0.09257288841866274
4.73060989699964
2.0257948167853552
4.700309821978427
1.5051813973225188
-0.8537823062033703
1.9958988051710609
2.6825642849431865
4.314346612523155
0.8896697854354547
2.566776565602029
1.2644427804890643
4.7410094805849425
0.5664670785842978
3.411982124304421
4.532043549230676
2.0089815997620364
-0.3149934422846148
2.0212489946649788
1.8822689168446973
1.2700823992461112
3.5224849346955107
3.022942291322141
2.8346973722014592
-0.8548152880076658
-0.504035259624646
-0.025947018925427168
-0.2723014933881174
4.5762023172504165
0.945875456172703
-0.8261767546345513
0.2145540962962107
0.8063920246756906
4.230024714633051
2.8485869261665275
4.867777351005695
1.5265228137763032
2.322111059733658
3.1026096235889487
1.2417952238699153
2.5734284838086223
-0.2415170143504568
0.8303438554784617
4.8522685466816675
-0.01092997233063242
1.728147444620455
4.875369647357471
4.125793658749922
0.7013477887873272
1.0962623639847373
3.6097607798675497
0.8601036869380871
0.09535706585439585
2.698365537339625
3.316364223103614
4.412252471891886
0.9378268380074535
0.29713555513679113
-0.10897513264006897
4.673751240905865
-0.7971400464432399
4.244958639170186
-0.5614643638802006
4.153140601913169
1.3799901134837733
2.9820315702462485
3.951483327937453
-0.054394812990519625
1.318224205854066
-0.42361810754560847
4.838945148440588
4.95047577772124
0.5031686383707221
2.023773512323112
-0.9538988797500416
0.10194479027207115
2.6904903588169886
1.8423071781897677
-0.8616528124059983
-0.8931419324913483
2.13098047398484
3.659665499550095
4.295820007909292
2.2625065193028515
1.277443105314176
4.241919672921107
0.5413713260100224
3.145312214215136
0.17834114054731165
-0.12133548859814769
1.5678616692985448
1.6722318089699542
0.02624454573695001
4.978564659231814
0.7674885168538172
4.929762300429095
3.1853170722404105
2.3751475988822364
3.5839675819803842
4.588614284589897
1.8107655379781726
0.047051709994069935
0.4569789003609115
-0.1720586498425305
-0.15897102445140487
0.22239361508814803
4.563036008997171
3.676783566446833
-0.5600278030464569
3.945201084307679
3.5907959255346604
-0.060431415500048935
4.253425068375023
0.6860834416435315
1.342590204995469
0.9621313921196728
3.7758827685841636
4.552322136593369
4.759306389088964
2.7450899536959863
0.6106021870645952
4.264527443912893
1.523225208405722
0.17142271740680726
-0.6656670133214595
1.5212944249869582
3.25869183441246
0.7316930451670096
2.821024306854694
1.3957739240511247
4.4721029567523045
4.415642874288136
1.285249122662338
4.304418527006247
-0.652535545778377
4.876077991757977
4.276014364319022
4.685977909767256
4.48278900627133
-0.970679055129843
2.9141333939938576
2.9923161435041337
0.9701004096095212
4.608401009354827
4.559611117575141
0.6883842715518007
1.108478187296667
0.6310040284503622
0.9000157275705445
2.6512100890631567
-0.24905897296703783
4.367787130303076
1.1655132797986338
3.880065862408925
-0.7909470981883338
2.9236712205383757
-0.17998045412554342
3.6697184385573287
-0.23794392487045157
-0.6750654717005076
-0.25206549009974766
2.7633607197429724
2.1299686141918905
0.03813849392797408
3.955982346715736
3.864810062565083
1.0428969810532123
4.973159024118934
4.742676200926786
4.868291596790199
4.512799840766969
-0.022906707005081683
3.580441041937579
2.606916743875402
1.6595391711828622
4.250020696115815
4.401272173393966
2.2199708157168754
3.2708554748282106
1.6520392183804553
0.4365246230342166
2.5185255810830816
-0.08790445034008632
2.247015324046983
2.0756364989067526
4.755747358496013
-0.1376337169411388
2.179209307375998
2.034111404617206
0.44724815384426453
2.957170361119868
0.05855263024872448
2.0959254896107993
4.882227384956408
3.854963371774767
0.34478849349316776
-0.16640445761942146
1.9318394930902616
-0.3849069483810543
4.345410157861991
0.11689993341288907
4.739809319692515
4.093393834223365
0.20874909311254997
3.995872416280779
1.5588526818929038
3.412793787988095
3.301764138417517
1.4946595142034211
-0.756522178668783
-0.5072609627660869
4.215518330076432
-0.8440132642241283
2.3977694452544007
3.1539439210974933
