-0.7620865139800874
-0.9233147900709018
1.0610566432223036
2.3098152347348275
2.005390279415219
3.09804963020488
3.3889151220290294
4.84268647414175
-0.6770918431621571
4.4987592471591915
0.7298728193944857
2.0030704302705793
3.049737010498636
3.385964613674881
3.037860123651269
0.9589797527519979
-0.8831744727631039
-0.7481021363834213
4.329690981391799
0.5092723512551274
1.6673970835945218
4.467905433243175
4.7530031670422614
1.6355647037205583
3.2773393779590005
1.470818251377906
0.03073419397132482
4.871497298277069
1.2996823913382656
4.631326444438885
1.793649454024199
1.3086875903561568
2.0510082044398317
3.823807601507407
0.12067607305242323
3.0847928369021647
1.6753271320732823
2.056840923669936
-0.31854144692828457
3.5567512151139855
3.152897389057686
3.84552871899737
0.6216450826384656
0.9898497839658191
3.23376636675855
2.7726906008167553
-0.6130934534479109
2.981614957509408
4.635477949222764
-0.3311271766916968
2.933149337957504
2.6518848436539058
1.2988137459465827
-0.9973231552066897
4.220831414410184
-0.988125719229981
4.944045980590974
-0.5685009665766929
1.9858010183438255
0.9230402095463959
4.200888832049044
2.894853967341701
-0.25482378258752747
-0.020261413866112576
3.55877216715402
1.758269662125163
2.564844257849084
0.9996658669147607
3.542029852129742
0.07229440893313033
3.2452873623687983
1.964229143588347
4.359148081190131
0.51563334722287
1.1101769846607947
2.3527446058056842
-0.8218262572068957
3.000471057087812
4.27321730441335
3.9470789464289933
-0.5618783013948736
3.2004786569125745
-0.6538880451343181
3.2924059588523313
1.6671957745785186
4.954133883892824
2.773135662094483
4.361759741961117
4.848482131047867
4.233101740983693
4.880990158341598
3.397924560376623
1.7404297068268981
2.9910760712275097
-0.1658771630114304
4.231291543628339
-0.09541000020251977
2.5463124586454
-0.8540553409522469
3.70884513117769
0.4142112618631475
3.7280338516943266
3.4265357980353297
3.7566267015139836
-0.5510348499857074
4.481723435306553
-0.12438696904541446
3.914208713298785
0.2143799360955536
1.7579017181843497
-0.7762720613931906
-0.7764711991658311
3.5879106825157825
4.784383450082051
1.7459056263215293
3.610239569918127
3.8881335981792695
4.44427097171749
3.408687049749301
-0.6672992265508246
-0.8328078198012223
1.3292596570304736
0.646509882712335
1.3063378716500953
3.5038810745560474
4.149134937585913
1.592359049083186
-0.5581813200156147
1.424091936309682
3.658726451411405
4.332685467329762
0.5701542660097674
0.9828816463667243
2.875903069796756
-0.7469911654634596
2.8844824849953126
4.172176841806147
-0.9819939088755492
-0.9348945273879017
2.763191032831954
4.027959890495912
1.0580829744250169
-0.7382974935738316
2.8914626506715093
0.17983555152829322
0.3386786329580347
2.4500526607707247
2.5932096647551415
1.9573050257909022
1.1070559907002782
2.304599427748304
3.0177074652348654
2.237839266692224
1.878133326760476
2.4531045913159977
2.588779138417475
2.191029950276662
3.5374045700040018
1.3863444287958044
-0.9629130208813925
-0.9098601347278146
0.0626161846883524
0.7211881356861056
-0.009352295694199597
0.6320975315006079
0.7763371534754664
4.486359409487616
0.9008197695845686
2.6229336979299243
-0.7852800258663879
-0.6489212056773648
1.1368096883884542
2.7426345486394457
1.47726077314889
0.5606542403345978
4.126039445330599
0.6612367353174349
-0.2738652154282457
3.792224729896885
3.605677354413741
0.36575287320481786
0.3467491260977906
-0.7160303564095041
2.2321110970525413
0.8051750968360134
3.9972356413946244
3.9153941302800597
4.458889684839125
1.2089667694808366
1.0700608161037768
-0.10962466093823031
2.2130634112106353
2.544795458065515
4.491918151696135
-0.32648601382348064
4.757451789317834
-0.058667788085424055
0.44664188583745834
2.0843649929022012
4.427239694959034
2.947302466245697
3.0786459213357382
4.855645489422838
3.9383250894378508
-0.10929821067256928
-0.7916527864224487
1.3491388387940306
-0.4394599991267447
1.6949211138177618
-0.16393284197624203
3.5578024860571533
0.17797678019959773
-0.1624717259469528
0.43737219452298204
3.028897417540854
-0.0639885630962791
0.15257955927196476
2.4518663786258688
-0.13106462507199823
2.1282853794461944
1.436260717435382
2.4077238262935117
3.6767434242625985
1.3863562168809547
3.675822602471656
2.5590841878546167
1.5737845650795905
4.467188442621689
-0.48275501238629537
1.8111970529556904
2.91212195774039
-0.3890254851697226
0.02440155601993932
2.1396464913980164
2.018880473206094
2.6705286227844587
-0.8975226269659249
3.50244337936486
3.609280129526703
4.5967440295939435
4.630818559602106
3.3648470228997844
-0.13339104965258164
4.957772988646279
0.051716016279453436
-0.7393996818998505
2.922578725217436
0.6050334438166958
3.5001600346062727
4.8844026515999115
2.69209347761827
4.174279841206646
3.2299295495789853
2.7957067755606455
1.0939601279584594
-0.15278645065255136
1.9226845933792722
3.0454270288328322
4.14027835259141
3.739907646268459
0.3087207185638876
1.0778484355301732
3.8549499418471482
1.6759167193519655
2.8687346034372343
4.924748612198632
0.4819795727025098
1.1074069596312883
3.117004363406151
2.133756430360638
-0.07470691453097111
-0.9864025586872349
0.7502795241849756
4.223755717580399
1.4981764448469805
0.9001946629692659
-0.07425719964413591
0.1874973967213025
0.31705932017023475
-0.7430884395193522
3.8104845704716723
0.6380802860251862
4.648622359638923
-0.8055811289781563
4.948579938445426
4.985779171727364
2.6105019455989886
1.4394806885502254
-0.8711691818215976
0.6945052503760725
3.2198267148644097
3.4626340922818573
2.895431864331867
1.180634235935968
0.4822955724946816
3.2362794735765483
-0.8950807026242888
1.3328889740967278
4.363541040071822
