3.789964396749437
3.5696403054022845
3.1741226985703
1.3363490359201702
0.47583127906446654
3.1137535097125504
3.652987167777219
-0.40542722452038227
0.8850190496860608
-0.9830297579519738
3.9907385049711337
1.4437805198911215
4.446418754904821
1.0169780894766727
0.5713922685388848
-0.49919224829272446
1.117676580820269
2.3184969852523287
1.4450957724192701
0.8904667499833043
3.0893920240152726
0.07401237016874429
3.1920349745092915
-0.6672295806076993
4.004873839914219
0.29746966119064755
1.3807415125121896
4.082283727242098
3.9542329179589437
2.713310481762325
-0.5511078824913391
4.639286977986204
4.2956890523809195
3.447039246238373
0.7881090642323569
0.5631414854500596
4.644274902059838
0.5828903616024035
1.693445050530964
4.319931887808121
-0.05507838835579126
3.5941732059954754
0.11590098534599513
1.5646350264759494
1.663459089149149
-0.7279636207761513
0.8879048235382727
4.077959050744286
3.4687108695204056
0.739263252731329
2.587581799955505
2.149879156083908
-0.374904046962502
1.0270248971624287
2.957142456605051
-0.8744903810983493
4.444483204954313
0.4050992797847144
0.6704009725448479
4.6025600327093334
-0.17211738649506625
2.5623366277495476
0.04249667932112722
3.9878068326261715
-0.9015671806251977
-0.782031177722164
-0.10632485780057577
4.719640182346008
-0.25136846430525694
4.808746209905957
0.0246021127403504
4.895648780421402
4.211734058530508
3.5078942148848586
1.217213037273103
4.195444556275015
2.7298532574066283
0.8321423360174345
3.0388744603532682
3.08708035421456
2.2491176050404627
3.6203449108460166
0.9317281132776623
0.8991653359700222
0.3400309233924137
-0.919805196333521
1.304798482241348
2.375561579277454
-0.049119973694990104
4.639896028208954
1.4653901715679112
0.05477252205532945
-0.4902214031427117
-0.6990306583622528
1.6259978917232791
1.4524702057846408
3.307517959337847
1.536231376372819
4.114090433853338
-0.24343946139208672
3.504338270479426
4.4472505670746765
1.1122524506280778
3.1070062538332017
3.6586829247912496
4.288843941199455
0.1212045530864363
3.750024018075422
3.0137017633535494
2.079181883993355
-0.37941538693117693
2.02185935348112
-0.41200265546968096
0.8469462834283084
4.9473879115681125
2.7569544778458948
1.576056316226503
1.6897968271934225
-0.7632002919095826
3.635933240288865
1.4227995494665695
1.953386617229639
0.914074638946262
3.562680312309255
3.269820518002227
0.34607526823318513
0.5699388721180241
2.26893858862441
-0.03746902613500125
3.656341141255563
1.09588280544079
2.4997293254189827
3.9323893291545087
4.013745527115401
3.1062214877668284
4.5189419978051575
-0.5200487802399123
2.58520321312624
2.991577207905216
4.981146967289556
2.7702076170737344
0.7671329601873034
0.2558415310452098
0.23527169181501906
1.8811464384064838
4.781527819925431
-0.1195968204657678
1.5344634119096119
2.662262515209412
1.3749063912653812
-0.20923284532910702
3.356127836642824
4.654190532778727
2.102115793476403
4.321948814723211
2.9246951847431695
4.96271397157876
2.5788197584589883
3.196291422019584
-0.3777594861249378
-0.11807702332997327
3.2544314508765417
2.571060321479631
0.8549645075197854
4.19802676055639
4.895831181776435
1.8173682716020627
-0.04729963349027044
4.526761232259527
4.007169987770973
0.7836208313479966
-0.9425810707640003
4.190746940029401
4.486321539918285
1.408834884958388
3.226110399790727
-0.8048406961375973
0.37075943674927725
2.184900491594373
3.595458987952952
1.9010495611226048
1.5793968706916393
3.6674844552054644
1.2994795081039672
1.7394027030143064
3.022426391231516
0.48680098100788705
-0.7480153735002286
-0.04938156022958817
0.4608828848458024
2.6647790813314236
-0.40980222511854514
3.564291064858934
-0.8187063828925485
4.9033882837255245
-0.46236835178625957
1.174144531498054
1.3227303464302977
-0.45975227338362856
0.7014845474985401
0.6007373364072728
2.230413739923523
0.9116158000473171
1.4896565845295617
4.4768761877393075
2.181205299872012
-0.13904637811500598
0.7214899583551706
0.026419927415952893
-0.20161315176714
1.8170797667244427
4.934359206420459
-0.5294885407221199
-0.9078490443090275
1.5254942622296923
1.0272854697238634
1.7061605157132593
3.1552226851508163
0.1323290564538675
3.2276695696087954
1.676686787076609
1.4140000137531734
4.996922320962663
2.790056147139272
2.306970169341728
1.7157648475040777
2.12117532715933
0.3801460595863928
0.8228425445324714
-0.25568058891800427
4.97459310504237
3.279906164135804
4.0341163839173655
0.1957578517616434
-0.2012373453521914
-0.5292636561975976
1.5672733228292013
0.3709227367531198
2.655239250607477
2.8673965165347006
1.2190370423641506
4.6801813152626055
0.4730039252965761
2.2801108899313967
4.296794793048106
1.3013563212591155
3.45337895388821
1.776985856969643
2.2418951492442574
4.0223807018825095
4.815627619711319
3.4671738913790087
2.3298693879242127
3.6960170123705147
0.180664904003758
-0.23211991188569625
-0.23276094358377342
3.8897975152288264
4.298796396428522
-0.8417082866609962
1.4619551649079376
-0.8222536040989332
1.8976827280351176
4.014442065573194
2.539014320599838
3.764983367489447
4.459422036675187
4.616977395996008
2.8739251190077013
-0.04811703781109622
0.800960193084439
4.022629211704836
3.504773101701149
-0.41124484633171443
1.918452674128746
3.459557312785763
2.3052350615705777
2.8052255186548405
3.0143924754911895
4.443070079265807
-0.1971489078376396
2.070443165282174
4.118259339828214
2.192225595757768
2.761606591851157
2.3777078863022405
4.098782025697158
2.112391190445334
0.5303142854557876
2.5418578516614705
-0.7850117275186805
1.1880916999777797
1.383924107442878
0.3768852283234869
4.620579218037791
0.7173090921634708
2.689208448012904
-0.6638607628825179
0.7277287788630842
