-0.23392887583223643
2.4482453637838653
1.2712455235820306
-0.7779123354519277
2.008119216771566
3.857408927377981
1.2828943881165662
4.161775028327418
0.4288578543026891
3.53654641637336
3.0955936903283465
4.7043695700470884
-0.5226045592592674
4.651464032841626
4.167924487674497
0.8184993016433377
3.187717891143003
4.662920179312701
0.4679391664977399
4.921489419785806
0.7316932012880264
0.6376869897832496
0.7086986213430198
2.2765356245254136
-0.7382119740874251
2.330510977041791
-0.3296268550129773
-0.9638384066647425
3.9794913670781025
0.7158972178407406
3.638208702687436
4.704524680431453
0.7257737712035217
3.7627999688246314
2.429449587713043
4.354072823723161
4.093291287910909
2.032701563148959
0.1701519001309666
3.567774970336351
0.15881237936705772
3.8032697299009923
-0.9126813026469931
0.2959669927750139
3.978003690485357
1.97516927190788
2.486750884062257
3.7970523761736557
1.4198115755666718
2.3017173236265434
-0.12750921501531298
4.348568872549113
3.5030204884040206
0.48879629905333744
-0.21487851761895183
2.4071717945452913
3.7218386096356015
0.36164528829570486
0.006705531360055028
-0.4390386325754638
4.9695409725510755
1.122536352824505
0.6051299368938696
-0.9002911508796365
4.420390992656446
-0.3966711250675954
0.9327920018625833
4.874740993048661
2.8502485313579298
3.196705336021056
0.7147849572302898
-0.04785548010928231
-0.1627483973629742
1.408183118017896
-0.4970615446654947
3.688379626774756
2.6473536931676414
-0.9329530895333888
4.0666166982543706
0.732503416812488
-0.9860985148952277
2.8707145409706376
3.1088058867657553
0.11643880734190026
-0.7068211369432773
-0.691769180430291
1.7362206177654063
-0.46440381411463516
0.0033948598090671744
1.3123113770792276
2.134892539777494
2.1447212170179313
2.624147161875746
1.3629719686000317
4.224012716649185
3.7297915334860523
1.6256566009897484
2.5732370811834127
0.11788913953483826
3.1479385346402857
-0.4202256643473872
-0.41979711680758314
-0.6868371830838684
4.237851966227341
4.977941646440285
3.3178207312039545
0.723969774600979
3.8364417655285443
1.27151603515108
0.039960295594142936
4.464342028889426
4.6063956754504725
0.12980134183749392
1.1863119884739932
0.009130369913601388
3.573448450012533
3.436552919311442
4.097242817247387
3.9126641396286077
2.0182826572451615
-0.6557088357079786
1.712899775804987
4.432642677616741
3.834019841583249
0.6354005346688383
0.38664099727414336
4.718887620678918
-0.039163977302437036
1.8837746759977496
4.896898788558027
-0.17681504967928285
3.3709522423337948
0.2769809147586493
3.4647373544832396
-0.6898240817899743
2.8557621218802476
1.2845400758275947
0.7581925819504896
-0.8253618904675282
4.371540281669617
3.0094905078195726
0.7464296483946875
1.6258317426579803
2.384953317581819
-0.6012642979613998
4.746856821445009
-0.1415527581701812
4.240570253955705
2.2593400800059458
2.8262404133644097
2.283513130350439
0.9954279098318897
-0.7206206479727977
4.141413688421431
2.7590297730443356
2.1596311140928934
3.4885722722996766
3.8851312542141834
2.281294500518678
-0.11623532134633918
0.9831862906501507
1.644191247912394
-0.215399572479257
3.696663006714524
3.5775127306305423
0.7846572209949476
0.7852201675733672
0.830649170064351
2.6247722588498696
3.019900339358041
0.1518651259421122
0.6580159636053295
-0.1365917865011228
2.3235946176425046
0.6036933037639796
3.8592946654667877
1.6843269308164706
1.7869802457590396
1.9189918527562693
3.3070740123447173
-0.8915691971489135
1.676359001901166
0.589427666105077
3.6792893235960484
0.4899076155723119
-0.5125339555344786
0.9791013223175999
3.1464688002166703
-0.14944080087664635
0.2944706603291791
2.8298866677912082
2.2812342831816457
2.3184059762196747
4.90041112430231
4.958091645056657
4.8953540756835245
0.920259475711616
4.501002000586716
0.31480483809992243
2.418656765721083
0.35812832514742454
4.955404839121144
2.4365797096112694
2.0774456063609215
4.9604872050320425
3.840491557076204
1.2310552002581292
2.9777628484708445
1.620560521476618
3.798826937515492
4.442668089684506
2.678041403596694
4.944382266563776
2.8350662931819492
3.2394497493970835
0.585642550836289
3.4052240957804845
3.664107790424983
0.6004383101253357
1.0287694805882497
1.8000094769509687
2.7995025819398167
0.9134855752388436
2.156988479439709
2.2733993019556973
4.313610318155202
1.559898114141574
0.3858953975950081
3.79757262615506
3.187796590603085
4.2193268150981424
0.6490599332738987
-0.8596174168682191
4.252942373422612
4.734043021666709
1.3881447461282668
2.2262885377783905
1.8598802090364916
2.5549828798764453
2.2610742935485053
3.9619705919969848
3.4352048688535
4.279900343364268
4.965483060049836
0.08616787342858778
3.184175854274053
4.808341761209228
0.2758046328777728
3.41491471784217
0.09630888366232826
0.02720889378782365
1.970685469414427
0.3445659109676922
0.6075865884801368
4.558232604853278
0.9390214186837762
4.244493909594073
1.2262174861661004
-0.028773697981142154
2.0388259607551236
3.2228399398165415
4.129562483814167
-0.14653246402238174
0.33286391767703627
0.4237456462519853
4.616634903115648
4.664331117227803
2.167307905650471
4.880319190160459
0.6803571683665688
4.149879932463838
0.6200022866658601
0.4918732329256339
2.858509121657476
3.8071505848997393
1.719393323400313
2.422243894475214
-0.11209936656940456
2.1681576052318823
1.9789370360416565
3.801920427750602
0.7102475803325594
2.020242144566525
1.8739572583593622
-0.9144880843803058
3.463876439568292
1.9872611164825038
-0.8233230190809948
4.804432286334384
4.437070695521951
-0.32604072897419023
3.6066432220475635
1.552833531763664
-0.587348740596429
3.0417182303717434
-0.8425539255052326
0.6131333465433828
2.855868626255253
0.8805116447052501
