0.43696893154325434
4.082358805627102
-0.9468442828735899
0.9400461422847746
2.6000768871946702
-0.734728328387585
3.861664469202231
-0.3461046736289013
1.0175356947771976
3.379933124813018
2.212949067512757
0.1530774580158103
3.89149987056242
3.3998929081838876
-0.35073398271855205
2.2728878079243326
1.7437568402495973
0.9538332512715675
4.951395631727016
0.17851310873639714
3.7615939522521984
-0.34202688118649194
0.8584404901887697
4.441796665056488
3.3229011234793617
1.438781853581097
2.94149594993255
0.3418852620907584
3.5726945140146036
-0.3083990535278769
2.9848665839867756
4.930583175960082
2.1037899613000857
0.6348280114657034
2.9042779881548184
0.24789977514312334
0.9088842891158566
1.7447218737363928
3.814807403166741
1.830667023660339
0.8609655664415996
3.6795889011821137
4.766576519017136
1.7058628420569955
2.2163947402534676
0.686785350830929
3.0201383006114995
0.6643754161879891
-0.4359870278626552
-0.8318522995696309
1.10892784667824
-0.730741093726081
-0.9205714072368782
1.6831019916721721
0.9198684790078999
1.3510051560090366
3.984822818045365
2.9596227165360096
3.453047506145518
3.664557019262297
0.514740416116017
-0.22316548385856128
2.178305671750028
-0.848035918325051
0.29864575201500476
3.107141297256364
1.5677540119880131
1.1145687435098504
4.229939354780397
2.0076680258626185
-0.6398610574948684
1.3399325577907453
3.5937962773972183
4.4374702142885285
2.8373092647802487
0.8182703539436598
-0.8996776610608925
3.5569512351501658
4.2648318106922645
1.835657837177644
3.3632211291499248
4.446197412927127
0.9125286934526191
4.526812770140028
4.763218503482856
2.1322621908792505
0.7399384885156175
-0.08040213008804398
-0.10646651308896837
1.5060386651487896
-0.7899605015832118
-0.4931443628796164
0.540457860663901
1.51479805397146
0.7600304363142776
1.961604266241591
2.2295618310408862
4.9916645175762495
0.5858388852084917
4.730896661179924
0.014439343794041548
4.019033643116561
3.1322926878797315
3.836474738447764
4.8737006056737755
-0.5989189138654847
4.7701023608614
0.7539221150617512
-0.09513228308306587
0.3642890723622296
2.545277891687084
1.5059752436223075
0.9873269068211128
1.8931629141902047
0.08389367734125064
1.1678875703276823
2.314992215337387
4.422963583277306
-0.1712679012333127
-0.44288742693192473
2.332261830447254
3.55341715369821
4.46596567804786
3.833546018825257
0.2631325208527622
1.8723386118785306
1.5908010863498383
1.1552453286968216
1.5746226562619965
2.5063885810053312
0.47674950146425954
-0.22241701378755319
-0.2501608098132242
2.398677989476268
4.999730546030553
3.822916679774215
1.4303948318617792
3.0530352869433326
-0.6186138537316146
-0.0854363160046463
3.3308765738576724
2.982500752585458
4.171844557432945
3.2767459549880904
-0.06275539411030207
4.044644903892657
2.842938072689587
-0.0020497590777801555
0.6340111741196095
4.312390936809616
-0.3162912757215044
1.512671604711942
2.4760026575557266
0.15952457525470476
3.3086233413634183
2.031655245417686
-0.5042284492698226
-0.9348991315131987
1.6195394415688056
1.774135383037171
3.4490390291950277
1.6529960315825427
4.334022732412821
3.7997818346358025
0.353128119912147
-0.05825301487948953
1.0688530022350462
4.150169660284288
0.003351984812026476
3.0893863960498935
3.238951542532254
1.7480119027149046
-0.48361115495555684
4.4610956882363
4.071047666068111
4.581929325400502
2.7174899850757197
-0.955281743263144
-0.6496680879771244
4.104996250550225
1.9674969703024607
0.3824344103835682
3.568605614904646
-0.5504294478698615
3.224199787854319
3.535562553972081
1.6706022477675768
4.351946227602852
0.6229152641656945
2.9372555908954356
2.5587134113691903
0.59724716731709
3.6141375531725544
3.550563550296288
3.222146966325644
0.20697121371432514
-0.3933986769233093
1.7970527540439156
2.4552417884069566
1.8644284885646636
2.844248040289332
3.5670758094993333
1.3338218739264835
1.0272349285326765
-0.14237642195256006
2.3837098064889624
0.03740253348767797
-0.27967095802829256
4.17762314243979
2.453524786973375
0.0815109559338989
1.6755273408429723
2.4446802696001306
4.545213062287141
1.884305226806939
0.67726806167796
-0.039693929240728565
1.363034653452475
1.6935842570956074
-0.5974970237158033
1.8511111950661392
-0.0939889571878112
2.531510779801489
0.3224043857472203
4.71210058038975
-0.32206495651444667
-0.16283052548570076
3.8976446140009955
3.206138026311473
3.0991422875326213
2.838056632815114
0.12586540343141062
1.78684391830368
2.2060052182546626
4.959479454757281
-0.8964763803095959
0.6185528170516079
4.384613041615173
0.8912833735737591
1.7211959798176997
0.8104778067405463
4.3424678869242195
0.07764825100853656
4.96451828911671
1.3210711727136877
4.744099497179566
4.4771605641338565
-0.50751920539499
-0.9184358486594673
-0.45876207190441476
-0.8287915860144506
3.5013969304910013
2.983990483135852
4.419723260414258
4.004114939137749
3.1178210837951035
2.0167116925479576
1.702768060984007
1.7658465078735994
-0.04720490062444993
2.1468531429940994
4.078949043696404
3.1829426191583554
3.866473599469841
1.5757071735947084
2.4099125016789182
3.113410246180539
2.511151754637188
2.8119506921681934
0.49467748579103876
2.0437734026340966
2.110380335805531
3.936276813970883
2.951260211970205
-0.8314160527888415
0.3432438537230209
4.601490567175838
0.3216759642013749
-0.2900445188686338
4.5839803702365485
2.362934098610351
3.542896800179987
4.035483701816265
2.5055896328417337
3.264804781373039
4.86823078526588
4.651605611054828
3.1473031265150855
-0.429282702369401
4.599219487559556
-0.2578908313141186
1.8878626327492354
3.981882795972057
1.9312499747452172
0.6784441160654264
1.076566280113604
2.9091329508687247
0.2281395209129755
1.0644608015975718
