2.422774050147142
3.38544946165905
1.964726012064494
1.9223760800745904
2.8390484270397076
3.3427604920255956
3.7040639062867617
4.8507622581405245
4.165741326139225
4.683083784810292
3.5842188907370556
4.305421742695856
2.5604947296816545
0.9917511509360732
2.5736578441969646
1.6258316032307265
0.7562423021703597
-0.8861527084756393
4.1942814596455245
0.24433250841031584
3.9916864319256833
4.728540914480866
-0.6941697140137255
3.7247970233898258
4.593594752739192
1.1388365521534682
-0.8232334953187368
0.20692037487364456
0.5324165213365186
-0.9514359075127838
3.50554632860719
1.8820511980793517
0.7509645488450674
3.7172508313467167
-0.17126715833475137
3.726394369882013
-0.28761582083878423
0.031361351823097516
3.9563538524775357
-0.2406363402316536
3.454650775297411
1.6289665341930464
0.5193110579804732
3.814537819022717
1.02837340906256
4.602476111533805
0.666393551864221
2.2107085630718553
1.6921671851652484
0.4640301242817877
3.909811222868642
2.3064631511152953
4.61024127304046
-0.596702847092774
-0.8551550221022077
4.929381449819342
4.478774092412994
2.841126268190941
3.8993312105874987
3.236007265982817
0.4465070227763317
4.158431686513535
3.621155403383967
2.652646224552522
2.1134308555520986
2.1046750459026033
-0.38259966805411594
3.110700520917314
1.5819363523552727
4.203953488651998
0.45901239093710555
0.577455532896967
2.9095899982813704
3.6937429581154566
0.1742227759599766
4.962647912158566
2.4233374478570506
2.178000352664439
1.4616791285939907
3.7196283456975925
4.173166970559063
2.3223527605434593
1.7029347653751241
0.010016613470835045
-0.37410575006677105
1.2733066014891548
-0.6807265185232598
3.647605172646858
0.7072512041488255
2.753192489958625
0.30402363453775916
-0.6195629030927292
-0.3984669997318342
0.36923679133864873
3.121287417486828
2.3196954897290016
-0.8303909590918339
1.1565872984662047
-0.20049941252176806
3.4193941457403563
4.0019199431708925
4.189177220635906
3.779807257984359
2.0008892234005646
2.7991470441982518
3.267285427615634
4.2171775669829366
3.5273941619017313
0.04291623419952173
3.101041590674848
1.6707220220433805
4.331496845287887
2.477304869100303
-0.9882412576073951
0.4364796297298996
4.201247867405274
2.2403273494577673
3.96642381777756
4.043777915728922
4.630886776359624
4.3857914489756755
4.608447112442934
3.131792423465048
3.859497257950835
0.338984733700318
2.6930435677153484
1.309318408686528
3.705465982636495
4.320494447613683
-0.8840841566634228
2.3084806100656134
0.40059168462130335
0.3589576628558018
1.559523384583167
2.9314531421313528
3.382033161705479
1.1113964323669467
2.5808937606528697
4.987216812909475
3.681713631106442
-0.7196727092119408
4.947383657617671
3.889990557948976
2.7906145729280523
4.3156680404467975
0.11313769229312398
3.190866907049017
4.514125992741728
1.1207471946270147
0.1831384569767034
2.8718934569167285
4.003665066223775
-0.8127129503350097
2.7700550856583246
1.4774755418206995
-0.05188345529684901
1.253049496349195
1.1505891112598934
2.114266639769566
1.8517761960952357
-0.5555421374913565
0.9782406290673165
1.0734199245578604
3.20857609078815
3.398989926461656
2.367098124051232
4.333422603395289
4.233114910139179
0.5436048678472571
4.4738019833735905
0.639342067706058
1.6849599156256563
-0.5883021256700787
1.4680627723645392
1.9622196734420365
-0.20956622346633313
-0.5267153784573917
2.5417596036737224
2.1706050005132598
2.293676795610881
-0.7266092515016063
0.11924638220718697
-0.43530760587293305
1.1788361219634993
3.756101657905739
1.3308020225581547
4.593757439312047
1.5783771473957335
4.585966040598608
1.943607863952265
-0.24681260023552998
3.621121607983717
3.0749687339312644
-0.7741213344602393
4.806316492073515
3.09966627637494
2.551219512846597
4.1558994322748175
2.5683615945449465
4.747152849515674
-0.8696916397805956
3.300876233442925
-0.31195257001394183
4.801777310425573
-0.9766929984163863
3.8318101442098405
1.7657828801384579
1.1121862382243766
0.5457599177971215
4.91313086964138
3.1564279026594955
1.7057203088336825
3.735753515005112
-0.48786824929171724
-0.28892436753525463
0.644919628607123
0.4059360709030415
-0.6563193277573731
0.17715521814027313
2.597464605944187
3.894088991577947
3.249233369733533
1.3093155147108475
4.314504350153496
0.4367931581422426
2.745425662660078
1.2093529840631092
2.3776566154525685
1.9222234971163727
0.22932727390661567
3.1669911616810493
3.5980271275202798
4.876925680312764
0.5456725255371222
2.2327673196032833
3.0054365127357983
1.9294008621337841
0.9929059764391546
2.0087173262368623
1.2789888328162178
1.9066149323561552
2.171500118715966
2.3468180282547335
1.3983062955292809
-0.8603068745226765
2.83195311926541
0.3223461362140194
3.770814434987056
1.6168362949031652
2.7531261930239275
4.199609707814114
-0.3022360518105811
3.3035212305996824
0.8488775521948155
1.8217654343135106
0.05432791025485706
0.11565345215527034
3.5301619450604136
4.354418734168578
1.2553595279535559
-0.2662192768490572
1.346243344668986
3.0375133337293114
3.265869512044164
2.0592715756538293
2.8940780954246432
4.688874911447371
4.463725238380241
3.11583150303235
3.3209064247064006
1.348298080073759
-0.933000915603519
0.855749807320249
3.360597222655202
3.9767841531766743
0.3457405991139577
-0.6710443201287979
1.3049191385128962
4.512941716105684
0.5633157536136353
-0.09099215413903528
0.8229741167717524
-0.10883074213338184
4.787002880996963
4.368200049131458
4.312038089110397
1.6553933134457837
1.1036753682410785
1.076571163153571
0.5163331944724789
4.094581763732914
-0.4756088132333596
2.499739231749641
-0.15666443934045393
1.8298856948593087
-0.005557059210127058
2.9355297003661684
-0.6042993057834947
2.8045429020051644
