1.9855073475436456
4.298953842448484
0.2611215791817951
1.9940324441656818
4.233711221513168
2.438694813588768
3.448844866641286
0.3682307224707999
1.8027103661208521
-0.29889363822392
2.2843938084003463
-0.5861404112022388
3.5242441643112556
-0.5485513274198508
0.15982423352210118
2.2612825886263215
-0.17224872462510454
-0.1833707565948246
4.916599487183627
2.236346486932483
1.1979234333131679
-0.5829181453051884
3.860367057650338
-0.76836932441679
4.418321633860052
1.1483817552164988
4.2431992856531835
1.498363587929524
-0.18814398398619736
-0.049967040025690856
-0.887791395495207
0.11056671684280128
3.3285561990933443
3.2433332688897867
0.9075163702356601
2.3583267190722093
2.4177517578168297
0.2141589980639358
4.526474953410094
2.9353499814629154
4.853817675879162
4.7765690982049795
-0.6651320476806981
2.5231764508939962
3.1507237997914403
-0.7936047587682689
1.2424305466563679
3.8704910502772183
0.45547496934591747
-0.3592673827847239
2.3959607993753735
3.515789539920771
1.2128423629014753
1.5893852824962948
0.12965275583723757
-0.6179071777887435
3.431363279360914
-0.46518993025898525
-0.27795617492571334
-0.23169304323399675
-0.6005120840113236
3.4919627328922127
-0.48308697686706226
0.2402582495395411
3.689896847459268
3.87156276272356
-0.11372621436977992
0.8894002141220372
2.5554910885330364
-0.5987139237163595
-0.4248689916269375
2.5762408408209243
0.963132974966876
-0.14183423589401767
0.11879958141879232
1.2859032099159737
3.0110803987179713
-0.1482725890060419
3.997593687955349
4.618647158982622
1.9076656360329323
-0.491265376524598
2.7231700502266682
1.0978859889458992
3.0739110732792856
1.0323748401611557
-0.6894158962876518
4.087352658724708
4.525070270398036
0.41293376171143614
2.2205776010210494
0.6772662190288008
0.5489399795186609
-0.5828833665751751
4.928670728985407
-0.7197610757238526
4.116184477145707
1.0672784538139122
3.727114666887661
-0.2293362880508325
2.795060212820482
0.42802978905015254
4.65744716748983
-0.5326585313591103
0.06025268844864318
3.2431428430731692
2.5102021704520574
1.9078650391541738
2.6163572809724687
3.549319899856581
1.442627409460318
1.5101542960266805
3.4473968854212282
1.6358312068519467
4.594891894205537
-0.4381875463650966
-0.009192614251222642
3.4357667689143323
0.19229950528475115
2.191083103223481
2.472456651439689
1.755739770002048
3.6712130570132375
0.10743651404406895
0.8971825409603429
-0.5614420055113643
2.266654894013044
4.551970894305242
1.162569352536135
1.1065136380830145
0.5644383628516183
1.5438699895331527
0.8889375561618789
0.10696309055346154
-0.2667190215494317
3.4034116155478653
2.4970627930763802
1.1630252761608193
3.2745257943882224
0.5475849255720968
4.638271275085265
4.974836924508978
1.5326461988947528
3.2843315089656953
2.148568431546511
-0.7291654032494455
0.3465234603837233
4.57099014648198
4.661945076507675
1.879349180288603
-0.36761384113284556
2.818807688774835
1.4241435753063882
1.6887359559647663
1.9949217712301728
2.9670525147433366
1.5594504151147315
3.2598874221367407
2.73931591908382
-0.7381006587108814
0.7478911677039222
1.3101066591089499
-0.8649814834771632
2.1879360207328507
1.957380572898793
3.664097245676829
2.6726214407560405
4.133124279049044
1.5055010124711168
1.327750141204012
-0.39006538727724194
2.6300003732744397
2.065260837419964
0.9724997569975091
3.8984681777379615
3.2247877060827754
2.3321992293346447
-0.11542748964601635
3.986718352753776
-0.8487305886100895
1.7984642425023445
3.0737771763058532
2.7153675752602267
-0.5792000895508171
0.30554254179885976
2.4843460134421314
3.7517383649854343
3.554446257956826
-0.41922875648507985
4.916024093188827
0.8089080663028809
-0.5301987936994177
2.015168153102443
1.2997255788375615
1.5504692788830274
-0.672084182744217
4.044168248392687
3.9281185099411626
4.74669564314635
4.469088669640526
-0.40710833170649074
2.433430920559585
4.9174862755802256
3.0776668808354373
4.115038454120091
1.6928050163267119
0.1586120851443249
3.9777885468905474
4.075946958725747
1.228077104187288
3.465205283904549
4.764419999716335
0.5596847733071029
-0.2615596358513492
3.0113996497845257
1.9658441321177138
-0.41547555845971673
0.41716023577184225
1.4728944229721699
1.6615275862258754
4.295578562638687
3.7530227891742243
2.714319631537861
1.142787417595554
0.6135687114923107
2.7623415008827
0.21538978170606038
3.0133332995205064
0.06265591846670326
-0.21780328425927342
1.3871827245372819
2.723774978418751
1.653598565848029
2.3071235755317714
1.4133493130604462
-0.8052886183898798
-0.38138495374473913
2.3898929841825067
2.7250742888756463
1.8644089490735922
3.603843908353091
0.3225578903427697
2.4600695870931664
2.0564365853962543
1.5638925130307042
0.9073359316312148
0.9463280051041505
1.8161437389216273
3.885875040961028
0.7790420014825232
3.696103276023523
3.599738889535792
3.4051702272970577
4.837408460904912
4.476066281493806
0.032833589667887964
-0.8770353418632508
3.262514769465737
4.333699910810044
0.08199127645729787
3.1025847431232743
3.130833455588564
2.4552494465356705
0.7443063611650658
2.1964210920885456
3.384997690351181
4.039865396611167
4.6507194559078595
2.7006595949872043
3.459604975270242
-0.379942776015592
1.1953468050787248
3.884784482861016
2.718790511714422
2.1120667930262043
3.1587559009591715
1.0204804658759912
2.8928060332417784
4.001852270341058
-0.6840799907121615
0.38055966277977715
2.638715960504209
3.6448466963430377
3.2732051266201925
-0.2825399131759767
1.5906256867411415
1.636620503911907
4.279666703372106
0.9646701047576105
4.6424198288671565
4.946305691233768
4.914629547284974
3.4992659871734437
1.7753916768892282
2.216830260333717
2.5071929526027477
-0.05001845304985353
1.241721585003261
4.984255395482295
