0.9943785545859076
3.2865383965423867
2.176388373593488
2.030322138203569
4.684151806073052
1.9816391878209734
4.289588667760197
3.185621328150284
0.6355914935497549
2.5909820350829422
1.8036225497430025
4.128088994699079
2.955310266634229
2.703586023812056
1.669803016366926
1.4162514415390342
0.8413641549503958
3.8469745935235364
-0.18497058791483112
-0.8799875408291289
4.110938698422754
3.98246693471145
-0.6406566322136475
3.0975942048180958
0.1091531072487264
1.6609378795513958
4.854793750399267
-0.7914152813765878
2.402738621094005
1.173343668611361
4.493234730884862
2.883257847873298
2.374942815906962
3.7396038998927406
1.4293773972479586
-0.057187363443475414
3.4962031594896956
2.076443774191179
2.469266127122266
-0.6626056463540828
2.187504941179858
3.063568861029565
-0.9923297021960382
0.8669854550435643
1.335766821816843
2.457254372911524
1.098279474425468
3.1783529675317492
0.7080682826714748
2.61034081846502
0.33646116911852775
1.444662854222356
0.6068521313486914
-0.11478870976764455
0.30345748050325283
-0.376101871126731
0.06056825106243413
1.1944522335660186
4.529983936499845
-0.5569197203810443
1.9879557474335101
1.0324632230195308
0.172430933823724
0.3695835292124938
3.751867019634374
0.9274149943028136
2.476766914370657
0.22614150332035332
3.394601449077225
2.8685817811613736
-0.9046534146778626
2.837131570034551
0.7261248577007955
1.8107100464258727
0.3071173597433827
2.7268045168318027
1.8308512727693556
4.120929940296523
1.3084616675132081
1.6194225849678494
4.727347412148314
2.5193996240242367
1.472953277624204
3.0857087078620724
-0.4367261966550573
-0.134175706565542
-0.6082129518299111
0.10682449064064148
0.10889589305564118
0.02075884391991356
2.130032030429264
4.8043646830896725
2.988249104051283
3.8896484824168374
4.868642780117816
3.3090399218747386
2.8277799480033483
2.9608527706233128
3.647681885956832
0.8273281800805876
3.4066574929078177
2.263167284574985
1.4613137245929302
0.20515458376427564
4.571266004354852
1.981328072383583
2.4123578264830985
2.627580245361121
1.6780481998835404
1.2017766156005028
-0.6885994708567551
1.1075540940318636
1.8257502812558206
0.9899971082808146
4.579346483070896
1.808111969077049
-0.4285849295602602
3.8325937002156705
2.978367081191365
1.7730214070780685
-0.7175024622622646
3.2115292057365235
2.5463958328925087
0.9083605686374912
1.2184066098187172
1.8085654113588188
2.127589058738528
0.8553193224658928
4.710329083934978
1.6249740314447445
2.4795164690965246
-0.4950616052200023
3.6516496972278283
1.7003834561866977
0.16861953145936703
1.8124927458289903
3.7131461990278307
1.5537220804305782
0.4801073288848272
2.7565245908221385
2.310844012460576
2.0807981302890903
-0.18319423217683295
3.3441361671081253
0.0795540007979596
3.437427857905976
3.0175046770708125
0.826084637879106
2.335861908710868
2.370722543789138
2.7650854761773864
2.9657265212783015
2.524758965465807
2.7151431364521317
1.575743394031766
4.392620684060279
1.932325524051298
0.006363558096855293
4.13724143803924
4.159660704754659
-0.08527131884927441
3.6401464775828885
2.4232268993875303
3.3920016376650484
1.5190495350244495
3.262601150898943
0.1555692591427189
-0.9600922159765579
0.9340066882709139
-0.5917646725528747
1.39115755703435
2.1216228362648746
-0.5525220615532656
3.091651132936758
3.17824591797258
3.197799152933931
1.8747260643406642
3.349678169421008
0.45406344533204246
2.4464306917366665
1.4812145944788622
1.903143186627732
3.304415750185102
4.623350501744311
1.8873423365826514
3.0004537919413448
4.436453187689136
4.553698972850899
1.877031811767889
2.7958093458162843
2.316071740837222
-0.39726658823316585
3.797104848702368
3.7169661323111987
3.7721566707838914
3.907109729271008
0.7289194120878533
1.983808978447715
1.0743294491144653
0.5423969658745031
2.7986676810167164
-0.8343302642231778
0.8734720646154726
1.4604665862970814
2.8934502618615303
2.782456448717565
3.980548943898855
3.672668699252106
1.2184514562164948
-0.9662262944085616
1.8909403600591914
1.0250572525220756
3.3168944715450897
2.7606770026606684
4.803004244392236
4.143149912064353
4.496551468517467
4.023847899446077
2.512281502595754
0.09712067463509433
3.419830059985065
2.399105792560645
4.1911527298940285
3.3329517379884717
0.5448420658933191
4.859245444995717
-0.03308460987856998
3.2969267796597572
-0.6197010094249455
1.5014605606498428
3.9771591216105957
0.3894484796022768
4.018581929167534
4.902101186309187
1.6948984752245964
1.8922802138062975
2.674851899110334
4.400588626346447
0.44025881056285754
-0.20838220891828074
2.123018868701905
0.329978711673677
-0.6034973859367498
3.4183518098307157
0.002824272638254799
0.36197716139707103
3.312281895268554
0.96286091113182
-0.3268860275135437
-0.6330701881502516
3.8874602958104525
-0.5644435684593336
4.743539415077322
3.288461134504896
4.773729329541908
-0.15030148483229477
4.719580448991576
4.993108632005404
4.743945060430371
0.8788193721265625
4.545027095602792
1.225604558832754
-0.38851216926769494
1.520803749940093
4.832433941555642
1.038016319919651
1.4877602774830914
2.7721544263696707
3.8100781809340862
0.9870554535187379
2.9009965235943023
1.1525720001408275
2.3589049649925258
1.8270626604152067
4.345066398764838
-0.5204405947711255
2.7921929331413438
2.886895195796619
1.7980338655343555
-0.7744158842031197
2.1056530805543705
0.7882891866036752
0.16797418687584842
-0.39053951850229107
1.8411419095310197
-0.7622164285938149
3.252383721754227
3.934564439121557
-0.831765834455527
3.558308648646894
-0.4543453270410567
0.6091813485008442
-0.18039132544937386
2.259955904395546
0.22797416202603693
1.200231793412292
0.6011707515563971
1.1991646384359749
2.8748752801105617
