4.391945440161226
-0.5129171799635401
4.272590496657571
2.446616845996548
4.430890072191521
4.220893653042489
0.1749258804287439
3.57695259528807
3.389042908984102
-0.8537398128998264
-0.8313132080206485
1.2656582917785952
2.3915139867469284
4.534938755418405
0.2916546073574755
2.0666144309493295
3.5572796104950495
3.103900560221918
-0.768404035549668
2.3427499905847933
0.941017173867341
3.788972618759499
2.8999430309488523
-0.7723915594463051
2.267708352984765
2.52686479071876
2.3911073975564503
2.5522391165693525
3.5011297427858112
2.483281651520384
2.5625477856269923
2.2617902788287805
1.1301073960668342
1.2819766504282337
0.8348013723094658
-0.5602162747749815
2.1066078756381135
3.2522267190855745
1.2798283468576948
4.687020037608358
0.5135937598306186
-0.8434144334165252
2.3980481883696747
2.279943733946533
0.804489001590021
-0.5247023923973126
1.5600705512990567
0.05531835109085326
0.3469523449859453
1.5222870874896808
3.062125655584346
-0.4180636721482627
0.3455909841777902
-0.625219188177004
3.266372579115857
-0.5743451439071214
-0.18051118495790486
3.9348406012445656
-0.9126524714602757
4.4184569818286
1.2711397798126374
2.7923460911585605
3.4715539779518947
1.1582485841571906
3.384871493180997
1.6368931798407353
3.522718102779729
0.29296203345821037
0.8115923318531428
0.7310681345838721
-0.791421663819017
1.2713048040009967
1.911720932361968
2.3654403011858456
-0.144734154324746
2.979350729243027
1.2539640469953808
0.35794427277293406
2.6827672156402596
2.8550543033627935
2.8589890995143463
-0.8864346953958449
2.2638784084467742
4.8885033692631215
0.2521511657243174
-0.28289131049607463
-0.22409762309363912
3.495934715953334
3.315492816565058
1.8499180355028395
1.0965809371075297
4.847272255390822
1.3290846938918675
2.426594712474281
0.2641977988087054
1.9433089769388179
1.961964019669312
-0.591071833380038
2.871129128306656
2.1216596674661394
2.4044024534917883
1.59507000954746
1.258793495214377
2.389933643875951
2.130127898470724
1.1688489095552814
4.598915967152996
-0.29619196962758454
2.34487492227989
1.6368892349823914
2.2193229190033557
3.2968592907169176
-0.26799262039228977
4.400824258851859
4.70032555027899
0.23547581857438526
2.9089130748291314
1.0462890572950219
1.0684507773598684
3.1173101799070864
0.7633632080352495
0.33380454170262497
3.1355558695248984
2.9948788597374265
4.427460478367743
0.8479262142399524
1.8419642257950084
0.5772046062424736
0.13610322731370772
1.7409902024051798
0.25466267707877344
3.0824631209574758
4.668793341210231
4.718976328460671
0.5980916061140988
1.6295347439437187
0.3821638617247207
0.5526916719224273
4.939001428069501
1.4935309241223873
0.7707378805860747
4.863094580922165
2.450431075939724
2.5344572376033234
2.218507973531854
0.0793992913380932
2.510220394037508
0.37984989940213554
4.326981177519569
0.10315722163383567
2.316452592960898
1.140435532671587
4.660071314444454
1.2610095522053801
-0.11522292013506208
1.558145841411645
4.62870463838984
2.4556828703372835
2.119889950418064
4.771702351207018
-0.8237708162171724
0.9696870846667853
2.992870061156185
2.757895040989304
3.555802090608551
1.948922929595907
-0.7198270972517906
0.6586818901091236
0.4400520849053533
3.389993738766621
4.9926521880874315
2.0709055417354385
1.1599080214970297
2.1965863765760014
1.6395221712712145
3.414624425608979
4.57116468737105
0.8011290743241883
-0.5549035064973908
-0.261252669443927
-0.6290379668776793
2.4060400098242347
-0.1353957285976075
3.1696600983327556
2.9909026387156374
3.722984568191718
3.493320453091676
1.1057870121016542
-0.06484401672921392
4.816337844999067
0.82182221953562
2.904455089438355
3.3689018857299935
1.116523322649904
1.8635488293654974
-0.19350457255788256
2.4794488161574817
0.4791762969353366
0.7051674472208298
0.4362822001081199
3.8567068129774658
1.292376287869888
0.3443871202885891
3.0905406685849446
4.24431465131549
1.4318634017481862
1.2776678965807386
2.258010169101052
1.062538762267693
0.4410452981124915
0.6973531281488679
3.5916349988990977
1.5639797556815216
0.6638169777340546
0.6309388009059291
1.7290507440370906
0.2760898215925798
0.26859563669798914
1.1068192884298744
-0.40003397432323484
2.468155781490393
0.46070541521657016
0.945648660356583
-0.29964348770998894
1.2498284016231684
0.47653547343540303
2.0153146319918083
3.7661489974794007
3.0026805022391905
1.9082143565238283
2.531245998866435
2.2740828034951255
1.9333634431211841
2.0951344939679455
4.6094233799355955
-0.993771778256747
-0.0963279054709536
3.511227925132747
3.6760604653859925
0.8605982827910619
2.6898372698991357
0.21929344295185382
-0.1756823553803155
2.6603270520796674
1.273624547705773
3.8828151647583997
3.9178591680065322
3.287106980976091
-0.586512986330298
2.003420352974977
2.9157170982422165
-0.9337178978775074
1.2880089688374392
0.997005206550456
-0.06927875523726623
2.813505407705839
-0.531168444640046
0.40535834210251087
0.25534411355640074
0.8178177298376657
0.6137351782027562
3.250388421851076
2.762350738226978
4.835045893782278
4.1695343927623085
3.327782057761511
4.450551463432223
4.4162712248812195
1.3346876403554409
-0.4319711808800588
1.6629275850568312
1.122467790161723
2.268263761081795
0.6411023495400603
4.524550039226951
3.613517976618171
1.7276283827305838
0.7131329302610092
0.2848485189922356
2.41048418170257
0.3477121179956777
1.2441221079711324
1.2315748085122622
-0.714570110280055
2.7844556329199737
1.4236725567613595
0.2554763938795206
0.8227365201778742
0.25315670237147136
1.4641165378346104
1.4302313206804182
1.9839409384234266
4.949119657626853
1.7306460452439252
3.9680965354916946
4.243522499659519
4.333026220817903
-0.24767238182559348
4.1607537536609716
