3.689498523892575
-0.44906191467662504
-0.09035698667679437
1.6883272381726488
-0.635238874041506
2.278940341649776
0.21747930029799734
4.482867026079526
0.2953947125426253
0.6438215982992912
4.941165534130512
-0.3022832654577936
2.0600349397052886
1.3791206043240072
1.4609747318212074
0.49385821440857836
3.997469698391475
-0.5026212879803806
2.0383550576868403
2.78365420626798
0.3316242651238481
4.4613660103160075
3.5925762688053826
-0.8952193169634637
0.9617834809580108
4.523598121874282
1.0403207741564247
4.950113030729528
0.5105107374059186
3.575125618921776
-0.7637003497537953
-0.31707625631367753
4.48548501586414
3.7529473009044745
4.901831780940716
4.129321241061485
2.740516890844966
4.797738763950725
-0.7123105878035556
3.03651418495272
2.003035215501737
3.0171903424605535
4.4373305225944835
-0.349543688755527
2.4906512585649505
2.8396049219642885
4.872972629481779
1.9814699133445455
4.095422024906908
1.1826592455722231
3.4514191324931796
2.5325668902585985
3.9458594419995734
4.276035060985647
4.5035338473345
3.9149640950738727
1.7325840975144793
-0.5814300149428007
0.7765168764732917
4.051950448721817
-0.439881352731579
2.048895758186813
0.06829527086894616
-0.38853207414180324
1.6980633354065686
3.7268478178596727
2.163424100239511
2.232777410394349
3.5603187155963694
1.2526648020068296
0.43803528790505153
-0.007943495540936985
4.120300445563191
0.863591716714613
2.101255659682456
2.608129264773808
3.8868743246619166
4.021084002648975
-0.9090852226237667
0.7595882391984561
-0.7329207804743534
4.728376243202721
4.811325938379822
3.0646960128083762
0.6752553702719355
3.1666453311493914
-0.7937276699371749
0.32636579622913287
1.7844394226181812
1.1821221963709334
2.085248554291894
4.753438432398562
-0.5905509641492246
0.6031557779767833
0.3772160647192071
4.766900339769171
1.4917291968431794
-0.9176850452003178
4.4698954493395995
1.0463629561791143
-0.04412596176873018
2.799534544478124
1.2276119460241075
1.1201442991708839
4.277225088977497
0.8279035514410051
2.64853891318128
2.0086161038924866
0.7692403085452253
0.7668778427708198
4.8523584469407
3.104087686571252
1.5634863045073075
4.8374614085500705
0.9760599577587481
2.924346225226154
0.028376662255893415
4.3347808664439
0.5434894008941102
1.6077571918416655
2.0882289382839354
0.7420087818315713
2.3447305215172323
2.0820173968779097
2.440096237668194
1.3379420285975998
-0.5231382435189449
0.5471684563320498
2.5116540481912777
0.7536349669539757
-0.4382760634737002
0.08064639590054301
3.8454736818105353
4.050606547454752
3.5245718198484273
1.593695232715791
1.3823219310905568
2.1729456632260873
4.63801145632085
-0.17169516953828534
0.7625397033237304
0.5833852109307736
4.389532714597487
-0.11162570612190836
1.732877026344192
3.3974594509246483
0.047040704772064235
4.954379972239177
-0.03210679081428158
0.03576830414253451
0.8469437147676808
2.195716019317349
3.367078500155479
-0.8916230646078143
4.3526575477050296
0.9249025355515599
-0.8637060605201548
0.808142903251269
2.2032426979643027
0.7690861178726394
2.6873607630560783
3.2282750256103983
4.318903638045577
4.32371217696938
3.011246793286615
-0.040585592121691993
4.264218824832557
3.1340655036289036
0.5182354516170793
1.946337652655476
1.4048640495159859
1.5884871248256536
3.6911712452464744
-0.3052502152076646
0.07657404443563687
3.4164899961190107
-0.6989287013688927
3.8199708368316365
4.826566519279714
3.641526361205665
0.7420999724892343
2.8139756137005074
4.377309883067699
4.941158335389995
-0.7518194773976634
1.5085559680059912
2.5315419175321208
1.5904134256241331
1.5504861713537652
-0.9255025626779141
4.044131971926338
3.2044444217672066
-0.35950671029536263
-0.3505543582677446
1.6273983592407788
-0.22640677483991367
4.228474224612851
1.0595604161983032
2.9271728828578714
0.451879840403687
1.8820285714068228
-0.604255178642285
3.642769274028053
4.538982882042985
-0.5442906556325384
4.8151370023785525
0.8460091230529103
3.4847999666435294
2.04808400886003
3.5279641023155746
2.401658132262907
3.4081523706382946
2.0495074810741283
4.435679997796617
-0.1236971214414444
4.575262428911023
-0.20241322625578917
-0.5471095993680197
-0.16251964703704158
4.722978577685815
4.843899927701252
4.646952662616677
1.9810905796755969
3.6331070806258907
0.3701030138718937
-0.32385749336756464
0.31166781873892546
4.825373597392767
1.5274078342102264
4.565634867374782
-0.18100241278684526
4.889125197253246
-0.8350695221168096
-0.5023372897670138
3.5244294270635903
-0.12357862587178525
4.045871591290265
0.27469063539530114
2.6213796219515073
-0.7078646728974343
1.9655968243302966
4.972109015193135
1.8990740545169134
4.905201811471921
2.7825586696092746
2.151628484686272
3.502203467577484
1.000392823101122
2.202708215604069
-0.5071104141033627
4.96010051014304
4.814679940932854
3.026411980593875
2.4390760238145566
1.5715285037772797
2.899558278350047
4.0619602827378545
2.3807659868534046
3.7145283777360003
1.5344152218998839
0.8887137351175511
1.414034423824421
1.2159433725133226
-0.6095815813710384
0.7781884088805724
4.287296850554085
3.499575656249026
2.211983812324811
0.2682826498414017
0.4005770757114768
4.521176779289913
2.8955374317626905
4.5137778509232716
3.686067471035166
2.084990885221437
-0.22914547989831102
-0.9370766679596412
-0.9616612825220592
3.20286804812703
-0.7625383552622271
1.6594821595763558
0.15327730456254285
2.9411053801254394
1.3927418953916635
4.293471026631606
1.3064890675922909
3.3923603208982964
4.07316931210046
-0.7391318969991307
-0.901893819564991
-0.8324704447269695
4.007088639015495
1.0307113342943812
4.190510602919551
2.5426914466291164
0.8854117676873094
1.1521135888351024
3.2575816596787233
1.5135775113314685
