0.5616876478613126
1.7824027731689664
-0.4647915733959618
-0.3413020468576473
0.4975911563524147
2.8173802486610278
-0.9639820901784675
-0.20552931366083294
2.7371868124781678
-0.015805194103690967
1.0173508885931697
-0.9442832861378665
3.6406946732160534
0.10404824515293498
2.951000342578486
-0.45827618213201116
-0.4172139192489557
0.66064816187882
1.5484766631141964
0.18114563787471516
2.289525865270754
3.6425633216578115
2.3070230746227094
1.3177376276576935
4.923326833182189
3.230737509283574
2.262452497020431
1.070265887260049
2.9252326653823344
-0.14146951031211819
-0.6585561276001552
3.843648893807054
1.8198749402109393
-0.12086695344871012
1.0181125055034417
1.9113608963272535
4.30424096772553
0.7297752998038576
4.609921898794558
0.21992725838403482
0.8191519643709777
2.364911695159245
0.4542414443585461
-0.05242387407569615
0.2175405135694417
-0.06655441667794926
4.62238104836929
3.4496978101268825
1.7335844588973464
2.590387015563376
-0.16377151039156446
1.429411515828495
4.196716513455811
0.20036957771633745
-0.006960468621297622
2.7074602517062383
3.9067690081624864
1.3863202462837578
4.183575431787728
2.548932216197854
0.12437184585425531
4.151581675074581
2.8421770839354625
1.3961956646748632
2.255128083703492
3.458719537695215
0.19015568714445785
4.97230673555664
-0.0013267276695616559
-0.6207440116554213
1.5037009748747483
4.012400811467259
1.6409577136201965
1.1975806641806486
2.8265283356759676
0.6277732695924332
-0.24509841720802306
-0.0014966058504140012
4.218713825298462
2.0227549446306954
0.5448844514596352
2.3143108291534253
4.293820182843273
2.5791391910335504
0.3409281087459137
3.7460159303234732
4.300869116248091
-0.7188415903147052
4.148270684641434
2.509539828846464
1.4498620678609893
0.2584788676957801
4.472633263527603
-0.33461260460802666
3.066916806137745
1.5007902050328696
2.6383444440335104
0.33352468956723036
2.978486283661513
0.20836921787939633
3.463916582428052
3.3149130869848076
3.840555145548354
3.597800883089163
4.058061600266255
0.30829532806123994
4.149489525233514
1.290691240618962
3.852063403126536
1.6427435065720113
3.00782601697426
3.211304754390147
0.5003620075094437
4.997313408014849
3.259150775751597
0.9469404814676761
1.5018384014331443
3.27827452227716
3.6636221259038395
2.876765192577423
2.64624598018308
4.925728980197203
3.426662502155299
0.26424218921205456
4.744105422987973
2.266482286160303
3.2059187199821295
4.90787808976967
3.883540137717487
1.452467912214927
-0.8196015795455089
2.2185009585104543
-0.8096888401703919
3.9262888834722602
2.1221488119971257
1.4547552240130628
4.643911071927559
4.226410447873613
0.48965521633359654
0.3426012675268808
2.2951007444571756
3.9397073021654982
2.6352753137575275
2.9923746523976735
0.8602313470577012
-0.3544084979388271
-0.5252942001577192
4.780253526508318
4.007648365087975
0.46934353380708127
3.372153750349483
3.0400002607212686
1.5247446722018037
3.266108644026266
0.7310290769868435
1.0088901121972569
1.3999468143171736
4.395226776652511
1.0623480086119397
3.4918703040125925
1.9618296291979371
-0.21911210144107063
1.1107353868199143
3.425703902101225
2.7597147019835733
0.7702135429569181
-0.6198638366631475
0.4513364152771997
-0.9872213276868307
-0.8648045671938833
3.1059948038821474
4.015185416087056
3.852491254051377
1.7053616262630067
4.512006754175243
2.2022740042691304
1.8575769951737593
3.3222432940039717
2.1187521824964684
2.8933063470702622
2.2086487942329676
3.8403053058744154
4.850956723631174
2.202910187855439
-0.23276771380917838
1.96107205343419
2.316315063987477
2.9029095492889487
4.542772560822982
1.4334595023255639
3.5019546051132986
3.441872904615594
-0.6981412142540908
1.0364699290035113
4.521853458246101
3.175933782480433
1.5118392231682893
2.3811270777939066
1.8196095045817655
3.4108035946480655
-0.6661571767443293
3.613157338296765
0.8335774515827699
2.9630898557983594
0.7289039656537588
4.437864798903125
4.767392121667244
-0.3291742473754724
4.5301910114507065
2.551142431263197
4.506147468725963
3.077719169916798
1.5227154384547466
4.31661956565903
3.157037768787111
3.9692640188166335
-0.4017232570337801
-0.2369114794776972
4.813980313169074
1.095026381731981
1.072458684574173
3.5658978481449157
3.1161425871126536
0.19421981456830317
1.8314344524297619
-0.3096241782066289
2.9649024718965604
0.6901222792315966
0.9179704370558439
-0.9312845345358036
4.113569294427062
-0.3146041982532799
4.568222174549272
4.921254763542677
1.0518465817389382
4.138201029944874
0.9623572449303617
0.728161780477506
0.25410778892908015
3.746121299355707
2.8470861139684813
0.619324525436264
-0.6862631254230906
2.9646532697265533
4.583594571486408
-0.5579697876389511
0.7850431475663904
3.5956168619449995
3.2072585203161665
-0.45206383008942375
4.209975459983623
4.428273544487741
-0.6208372472363244
1.4859526402626222
-0.892102812791435
-0.9442674803793192
2.498452416062256
1.521098739136412
0.8573425638353649
4.621647448569508
3.1882486264274696
3.994804416114685
-0.8662238160610174
1.7561915932572134
4.8768656384504405
0.31077354713348626
2.5790657123409533
-0.44664662386110954
0.241908873050652
4.947993659152226
4.039706044262028
1.386152260345809
0.3889753997595429
-0.9220706696652243
4.117341973588269
4.92955185535096
3.379829977578262
2.6165344385856173
3.3637608992458734
-0.8486994255824758
2.641528950606765
1.7999539985998982
-0.1545191082892694
1.313276466509886
4.606364017662048
3.458970461166521
3.177518358012885
0.26386878894413424
1.6766026519379555
1.9759195464456338
2.770964579345704
-0.4657396369639819
4.703980429221129
3.9835690052737807
1.8633499110730938
3.0022703778430637
2.906746913485671
4.524356455091382
1.950151183654044
