-0.8174282589646964
-0.02071240931773599
-0.8347895720894505
3.173484044931067
-0.9279116773408969
3.088050446954324
2.9148234579853907
1.3791421118241818
3.6427845868083653
1.4091135933080485
4.028979739262741
2.2165594362249657
-0.5853287847276984
-0.05566106509473889
2.441883252266746
4.757033633923646
3.8525826198875146
4.559612502930243
4.325959627514928
3.867666393616645
0.8685298260192784
4.995360144731252
1.870306637208155
1.7925201019582282
-0.6812945835566533
2.29096815346825
0.17392125813733905
-0.7894030316717049
3.983739547244415
1.3450918874959017
4.548149352631606
2.297655366456321
-0.2620570227524939
-0.4926114336300973
4.865056264605534
-0.9872310171992931
4.060678621315471
4.498025713401261
2.3258554489248078
4.172290844913936
3.129508435130698
-0.539836559462584
2.94283500880641
1.9148681037393098
0.9682753828865174
0.38132919059478443
0.7463334140854934
3.35056430723154
2.91896155122088
2.7264794905036442
-0.04486567395888108
-0.1860934832498249
-0.56828314291382
2.1959544835558114
3.7951198713704066
2.2810986322591473
1.6964779097356146
4.1939080482532365
1.0454255774158159
3.4647241560062145
2.776606453714767
-0.05940638124869713
4.411425427766005
3.509458550464882
3.5986053607733828
0.6362078017101569
2.4999791519419174
3.486552833951791
4.256395982795748
3.0830734838588585
1.140840566493503
4.696976485329742
1.3535452224313729
4.393791540084445
3.379603872847433
2.666132562659047
4.532009286958035
4.819116897196247
2.618748126955441
2.929819539808277
1.53461757677871
3.3022808272823445
1.5678682362556082
3.8407422770715636
3.4726885963802614
-0.8971472120974235
1.213898835804831
-0.5178418114466408
3.2609115802771473
-0.04550871106286025
-0.9779408873843913
1.1647230158224207
1.9169278518226145
4.088129474941753
0.7161234960866938
3.6752472975860115
2.0029545234669057
-0.008466252409673025
3.9323411761406852
0.2660331959578284
-0.8682572506777204
0.9443358273043503
0.20119773861043266
4.3464913237093645
4.901562054708506
3.8565749717722735
1.2814898531412569
2.828895040208196
0.4965263773989268
4.618432726846565
2.2751192087975576
2.0692498466807976
4.453340926046372
4.93652173766246
-0.6790535692501352
2.9663178549322264
4.4793807616414
-0.7449916822851099
0.09511437572884662
4.39264000566623
3.920595324168265
4.195219368011691
3.2558449341008986
4.605142057890349
0.14486645277762644
0.5418002993501307
2.627393037196806
3.281860568537498
0.9802562566067008
0.19260770925991033
0.9341114565475255
-0.8681282013672027
-0.35779559964023955
3.329769386366733
3.4042730227243796
4.9741765799884625
3.5542686338234226
3.974267472844189
4.352260020552543
2.870695582532966
3.96458960045742
4.9202176393541555
1.8808581977247272
4.713798083778832
3.5138181464287763
2.753040850319395
1.5908757878556496
1.6862813006696618
2.01887693844207
4.666600699189478
3.7708733630541236
1.5773949536130134
4.832310899939203
-0.16281624651606408
3.457991911523264
4.85046292014601
4.609221313968463
2.3341813197892995
4.588189084649666
1.1236172266129847
4.9218364436517525
3.1172302336530437
2.0359211879998393
2.6342585722757876
2.413985783050453
1.8580515552295411
0.5089409745616214
2.1210296144798493
1.3031282865997742
3.3509534619596995
4.58270422662989
4.113545010477687
-0.5066147310629079
0.8131442116738221
-0.7621591694747953
0.9059396520125833
2.484088796210474
0.10945430783903753
2.4639378444043167
4.043231662009772
0.2358273347349673
-0.43858841315931896
4.613519245443037
-0.5288136802287704
2.2577625083868376
2.8788905231031734
0.3004816906153909
1.2103480939650315
2.0525728515574135
3.587522989854171
0.6723372961362544
0.5302817759805005
2.1600937049865405
2.819699703410636
2.372832762305951
1.5113830208377408
2.643690768201097
4.011043957416711
1.3334210652316694
2.6276005024821334
0.46690448740329593
4.371652466966996
2.4964642238088177
2.7589963037669545
1.6731204901435461
3.601290978317242
4.164360763597856
3.724653559141636
-0.9724766382382626
0.9435845124930948
2.7869890437526905
-0.24347755264953097
4.642562699191543
4.126581189453181
4.11056417533897
3.684302231037055
4.677351143994039
0.14106410724177665
-0.06260820502550302
4.574497343181471
3.7834300282041546
-0.8082786941279325
0.38519445952438436
3.3454500159597247
-0.5021768265186084
0.274235676984393
3.5041365780487537
1.7969218838891092
-0.8734971205059434
0.46734374876344686
1.6692517542061718
2.3311748465199456
-0.97340907318859
3.1025980242761744
0.04482712118631893
3.511722995820204
4.560914511591713
2.6081759155650572
2.397869956491103
1.2246249422888211
4.157285033134833
0.5756067884864879
0.09457696603974819
0.9068464801934213
1.682058507554034
3.64275569318555
3.2279720619041523
3.699896398185329
2.9116520961864603
1.7754292563746557
3.0817966081261643
2.540823071829891
1.7439929087688242
1.6698112425527385
0.8717069273856348
3.1916370453453933
1.357558028421574
4.476119729600274
1.6186422389733712
0.21130919420203154
1.7874589044205802
1.1615177432470558
1.8680702109477636
2.352764781604007
0.6147678441264655
3.911352804337298
0.7860245918654805
4.176244167556095
-0.1673530957315692
0.005152660384359686
2.835687521127377
3.3542101527088413
3.827924927601572
-0.10809395407057787
1.5760649198687289
2.962576778076147
0.5727482823947916
4.111532425996177
1.2979793423293606
3.24476591135942
1.85369084132528
2.5583478570415163
4.228322244134845
3.703215345529947
-0.6151827122069267
-0.8616833389981811
-0.8572357930668841
4.689097398024517
4.53163863313224
2.6403039975732554
3.7975502481632617
-0.4776068642846283
0.8161244094738314
0.1723286141888971
3.3945906818717955
2.1318635086863966
3.5639036525766645
4.021773624966196
2.775497955178495
