0.26501348767264
2.5785524585750568
4.846142269084529
2.365346477370469
-0.23448127446187828
3.7151971260836474
1.1208523586923174
0.12661523056803858
2.2778456306483506
-0.7951361337056648
-0.6826981620128991
2.665302222679878
-0.314444406041682
4.876149543637545
4.668821817125986
-0.6381058114849891
-0.2336669442642738
1.954782960754232
3.054708614911303
1.8373333401112677
1.4782367338099602
3.8229004517194287
1.8299368998678816
-0.7326935724190546
0.7314793034801979
3.6688614794721115
-0.9803554565409449
4.158161017145055
4.267391163078153
2.9811435907752237
-0.7837296098459476
0.16376108078746565
0.966450262983376
0.6025220585035158
2.297391939007459
1.0007151107436343
2.180836945744397
3.8187460926050765
3.471316944328702
4.817596920406582
0.8958387902777343
2.4760467025032584
0.7461154096992815
1.6537991945156838
4.205247840716565
4.660911584414893
4.695931164132584
-0.34049725720989765
1.7948534808400671
-0.3224746383409085
2.49068916648793
4.9397949770500915
1.1094097276877504
2.7692421613282407
1.209780934188882
4.103516846441371
0.5911107826643274
-0.2014267000254779
-0.12161752397854242
-0.574192328882174
1.925170938482883
4.187444435438171
3.0673424942493774
2.262231306191354
0.7102322499002351
4.2928912067518805
2.59408547036581
2.8386190184600584
0.2539728777388075
1.9134665889032414
3.250722147714055
0.7274665314380397
3.95232717176631
3.973528128805037
3.574618417616522
4.624150295981213
2.499993179547293
1.4911060920342671
4.9889493041757085
0.6933349359007277
3.3323143707898684
3.37284895882721
1.0258061884979286
2.52581057738975
2.872138613138162
3.5262478449773846
3.958115555116996
3.3584232471094912
0.23533475889188527
-0.7789793993167538
1.489862709777234
1.2528354714387548
4.674367149588932
3.2550752905251414
4.971675939342129
3.0291153078172863
4.595337308565761
-0.8401630612483848
0.2887571272638534
3.620277941653198
1.2521006328320872
2.6607359718473385
3.4645188880664843
4.582094290800937
2.2998170509373983
4.616419489417108
3.072765322502474
-0.5568495076871414
2.8635033249264303
0.6674292636041974
3.369030807112127
4.172835489320836
0.581589347103197
0.5037568933895438
-0.8809007257612302
2.9892814452538143
4.0743420850534005
4.667864788109235
3.792771711273728
1.2127471715199616
3.669036055452872
3.49512393193622
4.336982995613407
-0.43822188920463145
2.5181227542908164
0.46128435469369844
2.7757407398532035
3.482335505982107
4.43258529765453
3.412839290442017
1.8560405396937538
2.3130334398784345
3.178486303948069
2.85674900722795
1.186682041871097
-0.22689644963668787
2.3439292641885876
1.2271605748800392
3.588619945241388
3.1876966264137483
0.5649626616094081
2.0177639986471565
-0.4103242567985894
-0.5719296899830406
4.062423739737584
4.103699174081088
1.3206867091655274
3.8020905509866614
2.9851629824233905
0.3327947826044715
4.155443023602298
2.9127891206249323
1.299279340807328
4.604063835340342
-0.38940168934439834
4.701815068959994
4.854820610322999
0.049063626990029086
1.8404453027615748
4.062202643288206
0.5290883723431161
2.3341205327348327
4.5757073596593525
4.646006300887496
-0.9564290583007364
4.083112129549736
1.6095134591619686
-0.2520132727649702
2.5633489734139228
0.07956737108635337
1.530325857698112
2.904470600963469
0.506977010669871
1.353165427783018
0.6320204308970436
4.556899434258894
0.6679488199735413
-0.9545327608100771
0.7028006212187807
2.370545107905543
2.869864594835935
3.5676405528240256
1.663581195323692
4.087229774007474
0.29267046659793694
1.0307374092499044
0.5330625435969158
2.1920708000498212
2.6204487228669446
1.5287612139091893
2.8732329453780743
0.7897981800401919
2.707703867672133
-0.6205338818345905
0.1057871890026838
2.5613150746846207
4.4790171050090235
-0.5069075441556872
4.53489319807179
1.3380468056096877
4.177495836452046
3.7641328245862304
1.2708268075124716
4.796231606626041
0.4615214840886077
-0.8601160480539052
0.21371706916229916
1.400725463716221
-0.783666419813212
1.5872749987376538
0.5679860203867548
4.800794380882721
2.252266596558467
-0.458775479811975
0.9003139183296041
2.5382072987253625
4.244504314466572
0.9702425678291011
-0.6947414777575303
-0.8713692549279786
1.0700811631828064
3.840524619593972
4.063208654784873
-0.6556210488385847
3.791460518427204
4.237316084822384
-0.8538201267567167
1.1074127716164597
3.8303696051256875
4.0439487156230705
0.46830998377443933
-0.5099600855949862
3.4438253733804274
1.9898217033595769
1.5385025268855026
2.443601372874177
1.6022976586818465
-0.23634284985967602
1.8018002280414929
4.917384996850047
4.118404225464343
4.901979570876209
0.21089208150372785
0.22253399659467
2.2413217258724645
2.109735284262326
4.575002931823972
1.3083541295614998
0.7938507815198874
0.05866237911525651
4.718646982345847
3.4322328671120133
3.195456530108931
0.6329821277654271
2.8990838162324586
4.228285577805353
2.857395226319885
1.2564295101124845
2.363198462190761
4.720159965329288
1.1930211862676026
4.658630553406272
3.326097129090675
-0.5322230053120909
4.102683734639354
0.8691251734478795
0.30305829474575297
3.1772829052169023
2.0808942200081226
2.556772954906843
2.109975845035133
3.562526866016352
1.0340337448381858
0.24935135026594035
4.44480844743035
3.1073058602981742
3.298459441932586
4.450630435289512
3.897963707178623
4.964151556659255
0.42915191131284214
1.2304264033080434
-0.8215854385222348
2.8380060712583353
2.2390509588774155
1.7764647260045634
4.473455071035139
4.604590401105666
3.4349186278219337
3.0529494957428884
3.6631270962282336
-0.5166607336121753
0.45441661437902225
3.3829439579537164
1.4647477146519545
1.7440197692907153
-0.35574829839720534
4.728109566449752
2.132106318494979
