1.3397743679786873
0.7781901707316807
3.5000543500411787
1.9249964773616357
1.6282322541299785
-0.6453437309998398
1.9204228190149144
0.7908120972222485
0.16008859728564273
4.65378092011451
-0.1914576587916743
2.594478064552928
0.5144301745230646
4.15085952434246
0.057903999068444456
2.9726799820885548
2.627460542133938
0.26643961386463033
3.8610730666169815
0.9467919488880843
-0.686827106180588
3.646605801537693
-0.3859459381975776
0.9752276235117663
2.8555832932663607
-0.5000604591058642
4.071590541615212
1.8996769516292784
3.06557505799959
-0.12457127800474366
-0.30285767510177797
4.46493660939155
2.8935374663286297
0.1974289314064872
0.8005995555511605
0.7194565337565493
-0.7470264508649582
1.030212488966192
1.0170356713750848
3.901935239824857
0.31233689179385915
3.0974384352446904
4.312831601631179
0.7862732115150961
-0.7435173502081005
3.4603265952830062
-0.030514282348634625
-0.47791402879616496
-0.1636485197908899
3.9866880888868135
1.6553820575247364
2.8025392343975644
4.036867651253618
1.7771663854943958
1.5170615106227308
0.06681960014526189
3.2903070266507735
3.1502900350668437
2.9554436193807563
0.03281651217288717
2.7011872377053248
0.3065032043365048
3.419748145363913
0.34147548643090353
3.502678258292021
0.07580887307225037
1.0717329439824859
3.3331351812923717
0.9447899678343861
-0.5788192632804325
1.0778108452766464
2.4098251560450503
1.9933344519078302
2.2794796186897424
4.157665558772591
4.468958881240328
3.0134817890781846
2.3879531706499675
-0.5320917979318769
-0.5204186898391405
1.7144073656275007
3.9191760077585
2.956510582279746
1.8317696906167154
-0.554342019116097
1.235908546746554
-0.42720055272087154
2.71943824560778
2.494850387695947
3.135147889027583
3.763014435083633
1.0249664563867644
1.0574585058535968
3.7646310535351653
4.990177232409468
-0.13396931599487005
4.099002128120148
1.7760674296910262
4.347285525991151
-0.9729715511238415
4.21732639385422
1.9518878996554383
0.9057353797230339
-0.7627059722694178
3.0000016247773136
-0.29076209966125144
3.992987065815247
2.100894142691259
3.658533686316744
2.4468945727957703
2.085052204910828
1.1718741385488607
2.4281894717297505
2.8913567005863783
3.680650683253635
-0.21146553957451775
4.618173705364109
4.169194292825963
3.9396496635774696
2.7727468147332455
-0.7831197417711444
1.1281716720701986
1.4283376832844978
1.9729448090963473
4.869228059433031
0.887934054758976
3.735614235573177
1.4361679549736
0.5388189781142978
0.5056651259124956
-0.015799957703105827
2.137723340990623
3.4744574374893045
-0.4997587799474046
0.06920595582306821
-0.5806736822287266
-0.1501986909600086
3.138224211292158
0.8608177961105741
2.451682153165217
-0.21454527234538445
1.1072208665753598
0.7889263165939102
3.2234153665626586
-0.6576411176007786
2.496757551771413
4.535188169672482
3.7463066487327046
4.9677061957607265
0.07865585050923851
3.0538265909497397
4.025485432418016
1.5416793037053855
2.65780465218027
-0.7918070238155628
-0.5256488869650917
0.16992878658024724
2.1023634652794474
2.1408498100963014
1.1891763596495948
4.437748070967236
4.9908587540625
0.6823169407018932
4.7491030099670715
4.202896960167992
4.808109523809661
3.7760428854980264
0.4780339810843308
2.5288578227604566
4.9705561574552
0.3555109269447929
1.0460164888442058
3.8573555646607254
2.6072990840574573
-0.8569782271671058
2.1653835757785114
4.7414013231955865
0.3113230071490194
1.212731055970223
4.148694751016494
-0.13065125567658886
1.5539783178985416
2.595353150607157
1.4741599935863814
0.10078377822327611
-0.5973587262540421
2.014966357351968
4.563158473217365
3.7858303545209724
2.1389909532683804
2.5311906354322726
0.6004428000670408
3.6578622801194536
3.3028667112004237
2.122832950562006
4.685659775049834
3.628893475177998
1.4658828605105834
3.466404428489091
1.4563486432250148
-0.21922351130385853
2.6017418033254636
3.0592651144307297
-0.20788448198189213
1.1034560927753887
1.8970763212208985
0.7010722961872167
1.2647910343947522
1.3451320209210111
-0.31205517502129165
1.886422079237434
3.045279578546319
1.9977748533202324
1.4066422737476207
2.2029816792657018
-0.5602721533405575
2.1735450289304565
-0.9101066678456342
2.1210395276009897
3.7818384893501786
4.16329322217562
0.15054574158079292
3.415715395037413
4.582502087847072
3.5292666217740667
3.229619047465688
2.9181900351686414
0.6447085721082733
3.0511085769257402
0.6377298142804333
3.3290665704998466
4.2838308286408076
0.2524602824222453
0.5499141250154658
0.726840621206309
-0.5930603858733865
2.7367806761867977
3.566207487109164
3.2929941598692913
2.3091346840063975
4.474575392178504
0.45033759844383714
4.263556111313247
-0.3157340120525425
0.3722214344322925
-0.6075556522038505
-0.6113061264723163
3.2462130038868287
-0.20617431987525814
3.262449575674018
1.474561905852502
-0.09748432488252012
-0.24674078659127474
0.3509729283674987
1.5198892583855041
4.277776590785443
0.16024991114709008
-0.5760646384992059
4.497283400817917
2.6027165492501005
-0.8794887971761027
4.9614774264820385
-0.11016486455909935
3.7711128756289973
4.017604769393342
0.9303100959201271
4.540722627335568
2.5640133732240606
-0.10442287667544137
2.2650984408305086
-0.7710179297663968
1.288886031679021
0.5384126740136757
2.5927820326144926
4.397935873708417
2.80557983890429
0.12495254368469255
2.033688682934944
2.86872755742941
3.4511516549060275
3.408181449043658
0.477907805703103
0.761967628681919
-0.5986223418244794
4.224185118637994
4.753075863711772
0.9959225751882235
2.7895337984057798
-0.8288137998897498
4.1580181974029164
3.654685489002726
2.522178897577625
0.12350051821221797
3.505193291765984
0.5912598065196619
3.160695385849009
4.293420512780075
3.700170722332105
0.08000627357491652
