-0.8480245842771308
-0.5198096904626339
1.7520429788600902
3.715622048858795
2.2951005751941964
2.6776548003197473
2.429761460078817
1.3694178620728423
-0.888190173293609
2.312406892389637
1.4339593964324102
2.7629761511003914
3.6353231339196457
3.1438105693083243
1.011307946921578
2.816732836444987
2.9722643346690027
3.263176337533233
-0.27371253002135854
1.034739701758105
2.6521312636149528
1.8477196372103748
1.90615059162426
0.3224903704896025
4.517023263938482
0.34432757686172333
0.4814463754333316
3.5591749586658956
1.3429948196716062
0.13143596141318326
-0.14907103028756885
4.165210157380958
-0.7419606963503602
2.775814303236329
3.419763493392682
0.2714134948805009
3.9323199208420814
-0.9693476868358308
1.1510957498507954
-0.5174694190066109
3.963934229254157
0.4009067147822152
4.883540331057136
3.3933156659339483
3.6254416337443143
4.02402566582131
-0.3278402700302039
1.5199900485709068
-0.3148280057516626
-0.5468283396456102
4.239719619247888
3.5383496458862345
4.561526691474141
3.8405475684293187
3.9841493379692343
0.8190928664745458
-0.20989270695244389
2.5869978551710258
4.203784123627292
0.1057085987958315
1.200233204443065
-0.8918039734753227
1.3185850782367434
4.160721841681076
1.8235612845891547
-0.8864073235775609
0.45810285311991694
-0.9789003807828602
4.552919504495941
4.422790845795744
4.027196702967679
4.8807558403008935
2.621358502638641
2.124704854467333
0.11400861195358614
2.9830218753214606
1.231887176773217
2.808552024411886
-0.9438323964964463
2.318431731270862
4.725149159162991
3.098625969474427
2.772338416606622
-0.4427290519653788
1.5004526522505355
4.60049343129254
4.841742931372858
2.2572869685794528
3.8604581495273385
-0.8152768459777675
2.2243622508735728
2.6908343439351485
4.810966521586439
0.2954791283494893
3.504704902259739
2.3729393751554726
1.0473012834295785
1.9048971720395276
1.9530315732522396
4.978930677147805
1.4647561383009986
3.8465810757637735
-0.9535993815684998
2.0578864085014263
3.7011060451854743
3.7344441176937906
2.469276121912743
0.04636075103396142
2.9101350817642695
0.6280994977796159
-0.9016952694795002
1.6475851504351553
0.9519308427743147
3.376471939851368
4.102659420164573
2.6230516325987923
0.9669661016883841
2.316895336327338
4.777853988326438
3.5611264212231593
2.828470860358503
4.386494047027134
2.56864107252462
2.510155951391921
4.195182535764085
0.6331545130849527
2.0561106010018033
-0.6189996943027984
3.3430555313304575
4.655704563665337
0.15322207604017613
-0.441966036756023
-0.07897797339590151
3.279478459389442
1.0163503132235245
4.608996847751009
4.502253537369382
0.43654489546981146
1.430781236241872
4.358456405299525
1.3866851798866842
2.874529857610924
4.856421756987315
0.24219471095307998
3.9707396524013454
2.068168005347276
3.1116096519384664
1.8268218783496906
4.058209703194137
3.7904369592681775
4.31526156451736
1.4584943942847035
4.003046155531959
2.903727693521088
2.621439839721215
4.942355315542612
0.7452373905889706
4.398991481218954
-0.6181576937812086
0.17382821805656068
0.23783610115283405
1.229024191080505
-0.1637270313811643
3.767907162193585
0.75376267300965
2.9760342018512027
-0.48601031799294736
0.3656765828203674
-0.08250460147747218
2.5270515059620213
3.7278225681797688
1.1826565587345375
0.8754102110875888
1.974818258325688
-0.7956603148512693
2.3368386069034033
0.4233057074514299
1.7304394227843662
3.0965988870203542
2.95363791179179
2.4164098909912965
3.1058791540691963
-0.9587624208310912
2.169049345786953
3.4591271339462404
1.4072752553835048
4.769575807881476
1.5425254695084587
0.059555751633286524
0.18543806717835154
-0.04399587983518671
3.7555822544146507
4.13223668919691
-0.4050762552089242
-0.7605847638902985
4.353120934048453
3.888895705680211
2.485458791222226
4.868281871322142
0.5461092657145099
1.8126227510461668
2.997931794988091
3.258663277001853
4.228286486332802
4.339413355732003
-0.6544395063231543
4.076563729450754
-0.857569858218026
1.5962168420271938
4.481471885702237
0.3293305239037654
-0.9690101337058918
-0.1677166386941582
4.163073831750056
0.4960704561582794
1.8849296431701585
-0.21275360821763378
4.599754796420241
1.5998494863944437
0.15561715540450494
0.8365935666053073
2.721852776308524
4.5833115900900765
2.627659520313019
1.2023504264141969
1.0586514221829333
-0.5787826362785504
4.980838352841605
1.2651263158213606
1.172407725427381
0.4131066939983219
0.13509432690096168
0.7849238001389123
-0.2775711183114029
4.753756543589946
-0.9538971101310236
3.0658494333773367
2.6118626659121333
2.1881065572400575
3.1606488879837515
2.1697583079561866
2.3811092171868253
0.21229197679599587
1.8985943307538933
-0.19165607093422143
2.2430360494946306
4.383080924119141
2.3016867415169937
4.856279430029374
3.7152581714616426
-0.9767122539346595
4.333694404788639
2.3936922630044517
1.856077622881945
2.3961147970645107
-0.9192092323293832
1.9149333078691457
-0.3562263849349252
4.751260557746223
3.589641663383315
3.0867201422017443
4.477989387168724
4.884127811500182
4.415909419234614
2.2932403192214825
4.5765140632159
2.0581846798651746
2.9065554438717793
-0.4015643824638182
2.796439879618708
1.320270430953256
-0.008994808009681554
4.976607735664647
0.7141515742682252
2.0812368176252543
0.6332063994342259
3.996853688301103
0.6350953184787118
2.4433570049519293
0.29125161897206175
-0.2730619375620167
-0.617276463205662
-0.7415419831965464
3.6381506637830796
-0.7950642595727315
-0.4747680167912385
-0.7349337761722257
-0.879144642567045
1.713394512026234
1.803286681851115
4.159580024218465
2.2526156153684287
-0.9819515769959561
2.935598096794579
1.6574785104353529
3.1267083507512847
-0.18296919300632064
4.059518051228189
1.5049963332453338
