3.6939770559614136
3.0346143823684777
1.0771274437559968
3.8126877930893865
2.482569451744406
0.1664124195936576
-0.9167341335693295
2.138672909635695
3.290387334884766
1.0719034679901416
1.130161660744267
2.3717524351933457
2.115555156242327
2.1108702814854983
1.8963142813336846
3.3351282418946857
1.8326217586835476
4.507645894695783
1.0605372203061663
3.335005460940157
0.2524729264020604
0.7072601366084694
3.7106486171925948
4.717906693413319
2.3001363117175417
0.9872597984763083
3.540503365374061
-0.40364511765386135
1.058035085235126
0.06520810244430275
-0.3715802934698209
3.502777665968277
2.436423618317447
2.080883783158437
2.4341408638990334
1.4810068681641826
3.167927339688042
-0.29666282936314103
3.457746140622916
0.10843770172249112
0.7753003042221025
0.7998394272271374
3.0872585571423308
-0.4052571075291518
2.4843337163118084
4.611346829528513
2.250531452810341
1.2980951340009073
-0.2768874601889202
4.190953933436317
-0.9112427281871762
1.307683471011484
3.639781723686953
0.026132855222657403
1.826669333467934
0.012864083324247488
3.1768187077452357
4.577279834009112
0.8220941216646067
1.7999024328786812
3.838369295732396
3.027259952086628
1.180055164132237
0.8193585616638497
2.25025207687833
3.8227073953956996
0.7935474934350804
3.9158834751924285
0.2559542865172064
-0.31031343391470934
0.9864456533610273
4.929588366158614
0.5675598352217073
0.2183635163164115
4.144809740578015
4.420785170672014
-0.5155815974302007
3.3985363647005906
0.04028226571822224
0.14555091870711379
-0.5970849927820607
3.9752673737350124
2.4177294413502626
1.8124020716175995
3.697698309016972
-0.9197336627736747
3.6410445026507103
0.7294948679134949
2.6567782569613962
4.774785127357703
4.228653684440962
1.9852504415218317
4.770379599936227
4.962072304727019
-0.2739053276009711
-0.8478755323327991
1.210494301584716
-0.9356667155716643
3.900338012077424
2.501801750331584
-0.15302616857495033
0.27715600007436425
3.3635440203968345
0.5610354775047646
4.086517893508774
3.2288506207714036
2.614814539819346
0.7985122951502677
2.814835426403069
0.502926471707589
1.0681641690478365
4.543783498450524
1.3295484697217477
4.436924843118215
-0.6864390183944706
1.5523983645479138
0.7059069853649858
2.0813789608126276
4.078635035486941
2.1936267112008285
0.7835303092282466
3.8923204682793084
4.301445692382728
4.825231157698373
-0.6434058115818477
3.4698837103961093
2.649611455230704
0.2753273798694411
-0.16909376381656127
0.9062360369643905
-0.4425078793939814
0.4748644861296363
2.0118974320659286
4.386919414235246
4.566871252830535
3.9207136277819226
0.862360811311258
3.0350618473433197
-0.16791702500806704
2.6071903156474585
1.3908414690944033
3.9301731081600515
1.4575149922089725
0.7492042372016534
4.58206053503097
-0.5275231730433443
0.8225959033935437
0.013306167228613441
0.4078758380223175
-0.05251478393218223
3.072445208651293
2.2167974913562363
3.9732592970940104
0.08392124678187307
1.1612112969478972
-0.10074053537617678
1.4677069955606794
1.3328797711667963
0.23945390625000718
4.951270193820315
2.229371136233106
3.5051172370898254
0.9726572269716793
3.363048440713138
4.749123687868764
1.760225818751917
4.162909475103108
1.7439370685788647
2.7025042217346917
2.908415256105754
2.6536438236487374
-0.3682197061640442
4.606776039227704
2.885474499965569
1.3887589315490754
0.4527976542441663
2.3689403849872894
2.579069731399196
0.4528374781818558
2.757754980856097
2.142449174278261
3.9712792067373393
-0.33716350107783377
4.442040822819503
3.769784777818118
0.45303729765172696
-0.4143693148059069
0.12578819958242882
-0.9461811056221063
3.2325428124800872
-0.5749583312040258
3.5107195038564143
1.188849835593119
0.9030815854267593
1.1952704569031036
-0.46264745761908177
1.0773786774375465
-0.0588316176723207
2.649556356645413
3.5468609754882516
3.718196831693458
4.158262393328643
2.133731070467414
0.48482830891447426
0.610304439702724
0.32207914422795025
3.97424058131071
-0.7829958941076725
0.24879321030193058
1.9666878607743072
3.8634131007261194
0.7447771709450333
2.2954401934717366
1.6422947764092934
-0.17710616466535223
4.6291596412134135
1.2115149532314033
4.822822009774304
3.8201036052835455
1.7335975448526653
-0.026132693345081837
2.8378263870455367
3.8916979122673823
0.08652194939173308
4.257942855563089
4.930571567816298
2.0705194014619326
3.6430014266430017
1.779229366929341
3.267966120767781
3.079583843454709
0.5462953857141342
0.053920110598943305
2.5994390809244887
2.335012764902398
2.0648052090710514
3.0842044521553706
3.870284436619393
0.5877413797336719
0.4377940870608772
4.406718449448818
2.536327109940157
4.375442053875672
4.288071630552325
4.0003611763764795
0.8217152780948365
1.1923517162909247
2.323944905537738
-0.266983180277061
3.8080540345405156
2.679241670159295
1.5435240591384165
4.449827955875158
1.3591744720902152
1.669795790648469
-0.008868253030833717
1.8886568703468676
1.0347188283236664
2.0043818404493594
0.11457404099144242
0.6234507038931771
0.1023233667803678
-0.05010401414955079
0.008318849407598305
3.8771735367135385
1.528435790423936
-0.1530713091713518
2.1215029842549553
-0.3039520786837182
2.464933292577263
1.180792223869954
1.5772405387822745
4.457509722605747
1.5531141142511107
1.5026094701097592
3.857877556163502
3.3748307517688145
-0.4666110556634828
3.790602135545985
2.4258070512179515
3.4961020686322515
1.8512831148473143
-0.889912180425984
1.4721156122108585
-0.1474195346908469
2.8084810511404044
4.131942981016964
1.0170693771461146
-0.48889314117618077
4.342443659237075
2.5615229243966025
4.048648481294728
4.756210953851467
3.33845991264102
2.64052170371611
1.4363223855363456
1.2903837806673408
2.0410157008326646
4.090083989134855
