1.7964711793644046
2.781302132684172
3.9761239532509
3.945119723414134
3.2166598695935544
0.18766751487231925
1.7554718462919747
3.5655780279494786
3.3174950744621645
3.8173336220093166
3.733645399528971
3.49523558884541
0.05702580219787645
2.7235483754531775
2.832878865408585
4.322524473120986
0.4631455050433049
0.3803919000563474
2.860613056979387
4.9792515976669875
3.1122749124158258
-0.3489775688465897
-0.9197205000243462
2.570197292007206
-0.5035047007019218
2.729804453051445
1.1971476848731477
2.6514833964278197
1.139744480922121
4.844324528069004
4.05870270781901
3.9528617580431478
4.182260137632676
-0.6528581574718373
2.8484669359695216
2.3006974506348845
0.23790950491650475
-0.8475154672284602
4.0651725445688704
3.634178248305897
0.766355598359872
3.563029736861095
2.3272149396624062
4.745378015728217
0.10087443914004601
1.8816333629219288
3.8655262489852467
1.0032558384322305
0.9621827185452305
1.3404182686372348
2.281822871852932
3.4900318420985865
-0.6532349569235341
4.049854590615427
0.9942011781743696
4.1184412484143715
4.006693377153093
3.329943432714713
-0.005654064919903945
-0.2998764502093416
3.4498559051736164
-0.4246660844060175
4.083722165326558
-0.8960012119583765
4.283123105027382
4.622514109925131
3.9209483950417425
1.3908097524031895
0.22168602050851227
1.3550317704845356
0.981640821890243
1.1489793580342211
1.9046851104991953
1.776618852184301
4.2616648733587645
3.059308415196882
1.933542662538542
1.6898252904429727
1.4504807039569205
0.690920869669331
1.7582975395350653
-0.9008112315061867
0.5801386504257324
2.1528633122101977
4.376217426612087
-0.27279760132958386
2.7019911662676077
4.9545314999326
-0.9555039149373072
-0.6693877320342918
3.2190922272631033
3.0434107195152516
1.3317853437127232
2.725582337157749
3.3423553844219356
3.788035885142552
2.988381288724823
3.81664826211738
4.38428696891522
2.0487896928393856
0.7006695013400397
-0.8176320086596776
-0.6808273287838018
2.6417872266912426
1.5697294880816388
0.984089905568494
2.3212879692546906
2.3576917229409826
-0.995087105620236
4.280601119060102
2.2861084313944193
3.9072828634926564
1.0569548407840967
3.094718726987784
-0.9206434437929671
3.719078349175554
1.632707534853782
3.4221837620065516
1.4102258802227388
-0.005120634833296389
3.737740789476204
0.2951504901697477
3.9453992132841726
4.914525831418293
3.3380838361992655
1.452342279266098
3.227086117913175
2.795298914210832
2.0223690123410396
2.1378550547200312
2.847614968294242
0.4233077915923731
3.3246267199256945
4.6086134446666644
2.0818404732659403
3.51024245333432
2.567274182579384
1.6759485143837258
-0.860993872114399
-0.2615493302197518
-0.4643228434934159
-0.7161810977339182
-0.03773843095884599
3.1376104349863443
1.94741758743836
1.4526795457755788
4.268919153363781
4.265557174702994
3.8868607140633973
3.8095992108217382
4.995295609536011
0.26830030318653875
2.0955819083221394
4.150792161008297
4.8466374388997435
-0.5486852250921932
0.570717979196266
3.523113498803773
1.8296485997008785
3.2185666064450826
0.5964714040483194
0.5488896604444076
3.3721730233500384
0.48046156814404917
-0.6012672666395278
0.4217371106900143
2.44294708637868
-0.2123655125894408
3.2966433310315306
1.152809631752994
1.3835854019252949
-0.2836050114593751
4.988912016130676
4.451160825681757
2.9457320516052716
0.7998214477760854
-0.0022191882398396867
-0.39940132073031265
2.9058572341509183
2.2928888745008105
1.0256814826867924
4.448667744537039
1.63617795671317
1.545252564975942
0.017629434667884247
3.9927014279242794
-0.6428107316990801
-0.14227696501916376
1.7640694585178123
3.1255507210411295
-0.8051050918731946
4.337547947354448
-0.23750947126167898
0.08501576959056045
4.323870795378014
3.207346665328526
0.8877641094760711
2.9017929413722694
4.343145304201969
0.9434737625411929
2.9144466512056475
-0.8367281183673465
-0.2162519213272387
1.9117460334947554
4.136974818883556
1.0557620524051492
3.8882946157501435
-0.32639810335183306
0.7136790177004739
4.899218192552674
2.8463832651871352
2.4206920770957483
0.34907693236284354
0.6418518000788414
-0.9364435781323903
0.4011761373361127
2.829446846132804
-0.015442574451913771
3.048889650757684
1.4364760151089433
-0.10583171016067316
0.2629241950213925
2.883580920082668
2.693110919382166
3.4595151784729925
3.209715974509864
2.6701979649411642
4.654176472810295
2.4622570435994158
-0.16405779748623983
4.3983549022516435
3.071599723654434
0.7790534093493744
-0.25724182947841356
3.012928714285522
0.1086745929468711
0.7289988643702738
3.3922360455296765
2.839098016763957
2.0432297407226363
2.3744324180766405
1.998450988150518
2.577280210459948
0.8670981950952745
2.028248734169937
0.6741743015539197
2.5627269927832197
-0.8962546876822741
2.5697988795392197
2.626899697895232
0.4955153677238959
3.0029439573273846
0.9672848327815546
1.1906918468515597
1.855201268462796
3.1047186534742304
2.669855174231645
1.910253726276081
-0.23479362560422445
3.5432850096811697
1.1611082677687148
3.743712563781795
4.85180175442928
2.8664388393596587
0.9843356807306953
-0.0428445661506367
2.8555657508226338
2.7480372634658687
-0.9177027186398357
1.1597140856645507
-0.07726411205821737
-0.7684750892066528
1.092307847917434
3.2240071691560104
4.675211627866387
-0.9643483481737152
3.9875235962884945
4.268502182152706
0.12394446191387609
-0.39372435079916857
3.085394583583117
3.248019391524501
4.877779320234332
1.4717427407724104
3.3151617988263364
2.8213348794692052
1.4450174630007506
-0.794422191207445
1.5068425405621753
2.1209749938796163
0.034919090666785335
-0.2699521785115566
-0.11340899608739008
3.9934273846549546
1.3266218209991671
0.43450530941225773
2.042502568353619
0.006029028593823815
-0.932675314408282
