1.010152162838816
-0.8242294040667988
4.207025234126377
0.20189803844490717
3.420913122164227
2.6700331013140306
0.49776910224823645
-0.0009028073331434072
1.9896515472822105
-0.7518737788775594
0.16893600347826787
-0.24460684672062838
1.2370425799012903
2.114130758974527
2.4556612798240995
0.6752450537119692
-0.34461568850330937
4.832878443485557
3.5082078500214795
0.35446807503693556
-0.15915867214582247
1.7986217112746887
3.156936654486109
1.7836959702868915
2.592933313470942
2.208674819125563
0.09017305041078894
4.103816080972319
3.945856561696302
2.343279145014126
0.852565029440822
-0.9163534206751573
0.2838141604899238
-0.9972791908933851
0.8073463762449271
0.586768514906933
1.1468605526959261
-0.6553461712347481
3.3280249016642385
1.3047649875354903
1.3034088801939552
2.626915920492106
4.511391693732753
1.2603105696275252
3.2479185352904354
4.888522173301279
0.8383086073473403
-0.40556865386747654
1.294764787954911
-0.9153464947348002
0.5503840099037447
1.8608221042562185
3.7369378824484762
-0.6666105756874192
3.989650578150745
3.609447932411305
0.8670689338701176
-0.7933795411705482
2.26096311244064
3.695354230470678
4.102849357287508
2.722919074441106
-0.30210122735428846
4.65489483555416
-0.3976921568211833
2.958307935992064
3.6648582855872
1.5998300159955
0.6496767165444619
2.702017489565594
4.806790241465463
-0.9282915520514479
0.5427563288806958
-0.9706297533863786
0.9534612008324646
4.293514766024861
2.984433583979742
1.0229635005226942
1.6642479156055812
3.376268753418165
0.12118808717470553
0.18723167310773237
1.0087562363580451
3.3848294301496376
-0.06336376062621074
3.226710024237569
2.5476356874782145
3.7454900891827494
2.2885957469251688
2.885732743854865
-0.7260278471615602
4.67610074923017
1.0369340796173487
1.10746049066519
0.514297884639878
4.796896404070856
4.979158239948309
4.198617878276524
-0.15418235372761258
0.2543372116840479
1.8397143769704813
-0.9531249629593395
2.398154918521967
-0.3838742525626224
0.7451875039539817
4.7982075501145856
1.3105876660396385
0.9072889749456836
2.944124481117628
-0.6986235271726673
1.3879969112523511
2.847683015007286
2.210207319865946
2.639444239056857
-0.6790221450625871
4.556982400496311
-0.4944669008377647
3.610256750944881
2.1792375878518127
3.7237181564184603
-0.04870782708884924
2.942513459652592
1.0088621810966591
-0.15543265233264747
-0.7658476548148541
-0.8877261211272289
1.5053404337062135
3.6687800661012178
0.21468866588656632
-0.479445937955433
-0.05643422884823712
0.12150245946123239
2.142252682544501
1.5951811878975835
4.311594273362694
4.017227856552687
4.020317095080976
2.9289576002472604
-0.10604696023279558
1.8242118118108421
0.20308315468294214
0.3370698996742807
3.912652495652848
-0.9192253385722147
3.2959449004521897
3.8416850578393333
2.9646312634963707
-0.8263581401204805
1.7524717437778499
4.701164886083987
0.692245712951032
2.218791194959194
0.9449895309458254
4.366666158853169
1.7776293838344648
1.1151616259327692
1.5371004685761256
3.0739611376457807
2.4314578805900586
3.5681768886768293
-0.3433431328113463
2.705443478984632
0.26966571766444636
-0.38868011578796446
4.3811929502214
1.5423327752352916
1.1034194517792555
-0.9432167491254342
4.19267808945419
3.4756374295684687
1.1753144102503912
1.8342362164234252
3.467453452877102
4.066884032893094
4.552279780037179
2.2680871180702233
0.17722775124897439
1.958580589456051
-0.7733869546361025
4.746552168662729
3.0028887468433147
4.62945238166809
4.855916398067933
4.2943592251157146
4.616275787433062
-0.7204136178659704
4.422958761263571
4.492631155888418
1.4431447466852938
2.8695526115109686
1.7374202841206285
3.3071644781461824
3.6645669834809347
2.253639718077171
-0.5709271041404194
-0.8803826181789107
1.5366034129813428
-0.7202667786069676
-0.9946823202681074
3.6539844593331674
1.6830741882853628
-0.9302871840704601
2.578981192002235
-0.049383254600009474
1.621417192370421
-0.5206389394079629
4.228498347959855
1.1772338596783056
-0.6367384342804077
3.393165654783302
4.18517111067124
2.7427021054424943
4.5426892388646465
-0.6385552465136723
1.311187958186478
4.421352173148967
-0.3801892471849613
2.270066430678006
3.065097939287601
-0.3836202540431799
0.11770977942508987
2.561830278463435
1.1113011873980234
2.882735200745989
0.9352032515148507
4.638329385750081
4.193259913794045
0.9974762763315048
4.446958869537699
3.475381909616422
3.3411913662017962
4.236382005720946
4.3006606236850065
3.2571469151650785
0.48556211043413877
2.0279019382859533
3.5035680503231896
2.688868321251766
1.3125085615135061
2.408283407429325
1.4006182941854588
2.1358484631018633
-0.5420929095331715
-0.8256344199923036
3.7248852667235575
-0.5972176805051603
0.24531280477421968
3.099032776349782
4.49658140207179
-0.727468999922972
0.03720067961278639
-0.26002691365265207
2.15427002315142
3.5886619514124556
-0.4441803697832032
1.4918478402404167
-0.8975821008053955
3.798198326769948
0.8918970788414844
3.877238698864515
0.4032374135951826
4.699460141365675
3.9663162840338826
1.5932461332423205
1.0616846658681531
1.6231991898878428
1.5417188404673476
0.2643728010589885
4.933080788227853
3.663290046391208
1.4843398025214274
3.666341938253545
3.8604067345109208
3.5375492369037405
1.4203658897686928
4.246457220872087
1.3850890648341196
2.7909664045540863
-0.31436860445068593
4.945431564013607
2.834368910218533
4.2056139717422845
3.072877927587137
3.426390929154609
0.06436955722946491
0.9008876426899792
4.170220688457532
0.43445246411174754
2.5552106127919068
2.8724197276765304
0.6505762710247174
1.8176853350565052
4.263740011502719
1.4675705405142665
3.040483784740629
3.7684215836176493
4.060921741238069
2.540517981547998
4.364282253288063
