-0.30426892604947864
3.057974977558171
1.3907851761795218
4.155720050436278
-0.7356616565653904
4.491299139512547
3.7785225624750876
4.964616768552631
2.5504152976223695
2.7428178749018954
-0.7438675839919957
2.619534038982289
3.0149090581752267
1.5161415086004286
0.9386766729138663
-0.14281469881807052
1.4783283162630907
2.7485095338625296
4.862133510755282
-0.24709645390618773
3.416792858498919
0.19225723568401287
1.3799795852330856
0.4506361243676027
-0.5862384964310405
4.47407838386745
1.2185597630497065
2.1057833325899282
3.192409038284837
0.1988375326333971
1.8537370616250657
3.8185672676153715
2.26429174097267
1.338173547784173
2.649712888108628
3.455743342093405
1.400729893236094
2.913196028562398
2.3267806312105876
-0.37959945197006295
4.779927460882836
3.371144693199316
3.0986054602405337
1.8585097108715383
-0.44100706668231693
2.375747460180878
2.74698910339185
4.3192664882833425
0.9847762580609511
-0.5436486080347835
1.5167283324440097
0.5940612440809077
2.190831719865051
0.983452221074075
3.9492657258151684
1.2160334848443233
0.3872097539831736
0.32833874629068616
2.7499712986193368
1.7521083752949247
0.6210224812358962
2.3717167051190398
4.105499492761315
3.665918940343545
-0.34587486567682935
3.726561757633479
0.17924622965131842
4.767821216263346
-0.45784580839388056
2.444100620151466
4.286715190334247
2.642782688182076
3.649376889273481
4.142392084144305
2.240670050798482
-0.7320720802769214
0.17339749959194672
2.7936536392400035
-0.15684649667903128
3.0234682878007577
4.0753943639141035
2.3026298553776834
1.8853453980164296
2.715329105365967
-0.5764156164873939
1.4074349002114905
2.3914039812264187
2.0315632898100944
4.511245110514223
-0.40890803416110355
1.9410023104335017
4.3086958747444335
2.2600756789415675
4.728869344517708
4.862995207039486
2.4144338945660295
-0.11105814470783248
3.4196877093730897
3.56331027812877
-0.6217323912080801
4.974848053703216
2.9155516189740083
2.2806079611785925
3.5226671477314877
3.190706712009767
-0.37209879935690027
0.15014462119678806
1.01253418394837
0.13788265950359047
2.632578289197814
0.393047741391765
3.6324038870601347
0.2519416435255619
4.170825543963629
4.732592718977822
-0.21140250580850828
0.4921328119323034
0.5374613594246491
0.944695786384236
1.0252096277040312
0.943968680817876
2.4447707987561973
3.439165835888252
0.26213431783505525
2.973462272658243
-0.7527276024925029
4.375402679145253
-0.6279455312151432
2.6752924753406613
2.843746644231354
-0.4795130821076339
4.445691499224114
0.11840452544376845
4.512107450605914
1.2680678591291903
4.88240895724707
2.3807326377075357
3.8177232332603728
4.0199682430517205
2.805964088382411
0.6990006362833814
-0.4864394591422283
0.454188480195614
1.283099579822006
2.8496936188273656
0.21256413736417668
2.7379646243667293
4.326495711148302
3.5242569276982296
4.272370065252369
0.021921026745950423
-0.1896285206445607
3.7395334356098635
3.2637568875858314
0.5658227764694059
0.8414030439401057
0.31568331431875896
4.199320778513147
1.15469276303586
2.8539878085707304
-0.7673446438276224
4.565280775617667
-0.7549105553023179
2.579515916157558
0.08706548151056803
3.076745939223957
2.8498910184110473
1.8599245307229122
3.8935438730246394
1.9108168690083343
-0.5675885256996531
4.642815426907978
2.4925965017314784
4.396533611320242
2.1240538438605654
1.9183036443637684
0.9498801860164592
3.599093455884514
1.438378420527822
3.875856271487537
1.4315123132775782
4.44782059622072
4.17271714633694
2.639816189681762
0.15067559377660356
4.779971549012355
4.363829289443645
2.159153661770978
-0.35804415663962685
-0.39832054060981403
1.3392976781025285
2.8737781242205864
2.8241403144132615
1.9886897868955256
3.0972536216162148
2.307524998251016
4.886410465112232
0.5969772396967319
-0.4327875902216416
0.6226174202232098
3.211507229710449
3.391682276239898
-0.3330130271370413
2.9595801953409
0.33618970797775827
1.9529542282964867
-0.5642218872359963
1.3934604514650175
2.8748737227428256
0.8107100921174348
3.358076737163321
3.5532006965174734
4.208431279896914
-0.5672819907455353
4.363877142664502
1.6217538250635073
-0.3558304022267138
3.001938257511606
-0.3407233204354754
1.6119725136136744
4.912330525286709
1.5031827573067273
4.72043405930246
4.054057064526711
2.3117774553165935
4.2332590097847955
4.0042085046575675
-0.8949134095992306
4.914574443440442
1.3155289881961565
2.0610992462324207
2.250039110093212
2.275450631953764
-0.04260309873251411
3.4446846376121467
0.4651120829449724
0.704833896415282
4.712541232444116
2.1764913979602794
3.8868819064222633
3.6632031119261974
4.063531808256229
2.6460327501345473
4.677974076791434
1.495433005495875
2.872669707699262
-0.4663726377893662
-0.7901998386954268
-0.32415383284245625
4.212478756402355
1.9345577521827653
2.3485244027282044
0.5255452246422863
2.4954394358521315
3.671438480507362
2.6397384694056085
4.330483430350505
3.8186008634969566
2.54559401972556
4.9619181179559
4.420291004765258
3.767314499691718
4.545382206471827
0.39604679901566353
1.9671117634571802
2.0200896931151178
3.030250983966905
-0.9020518940686211
2.18550175880572
3.1548633924534943
-0.8107649796338485
4.906846052457766
4.9933601285612506
2.4192070045078378
1.7181887807729503
-0.5709773699374607
0.4675760029501963
0.6186149180712233
-0.38429415567950964
-0.4780708890245753
-0.2670120900699946
3.0703709369257064
4.849001158341395
3.434684500369759
0.20228129551139218
1.3302279354619904
1.239390152313054
3.4103731889692783
4.387476357300429
0.4319438785094021
4.213616429846921
2.545061356097916
4.590363027175019
0.8174580440028711
-0.8449269523792549
2.7050399875211015
4.65792382854505
-0.9957854066358467
-0.9435897739889183
