3.1619703096511866
-0.4317123483383152
2.758319820616178
3.7224576930254303
0.8195520323912524
1.3727865135929833
3.153693065177544
4.692489561468607
1.3572287272940584
3.1610267579505846
1.0498583007259383
1.1651085267317036
4.771633551217754
2.533080266100913
0.1911742491803181
4.63321120047868
-0.8865127905785828
2.866669982114064
2.4435042846113895
3.3656396691692514
1.4210905603818764
0.5339928478154423
0.9584508807831875
2.9425246373081464
1.1872401357428828
3.401401268156838
1.5200683002211663
2.180889527324199
2.189666829280255
4.70157334902971
1.9508408495039138
2.708982668931796
1.2547999868631736
2.932437859088976
3.9162783271982917
1.9705279965721165
4.7076276452024395
1.8208509131289898
-0.4279121104178496
-0.5984930753930411
-0.20369300229315512
2.296668702309651
0.5201075587067756
1.1942412931658506
1.396289040157316
0.6511141331534689
4.591741690954773
4.737893549663429
0.7624498552373815
4.429340997290208
2.322286702233268
1.5900657350539538
4.068892997722437
1.2440072300047076
-0.6803145478352464
0.24564922668402245
4.199928450068798
0.4104331818006737
0.914617591714203
1.9294603251623825
4.378852071341553
4.258928211574519
4.16488356107143
3.891344100676271
3.165865890098547
-0.9655924519566201
4.86565925691497
-0.4099652597191037
-0.8980477736185617
0.48814427237836533
2.276333173557167
-0.4468839944372831
2.451290118309058
3.6654743086289834
2.1789428672769224
3.162252961962645
4.619700755324063
1.3152706672718777
2.6077870618789385
1.4030878291526854
2.345836938682086
-0.7611835765339425
1.182432007296402
3.020955965984344
3.3940869582249524
2.325142638087007
4.9088943080762775
3.7864808891805417
0.1342649454983902
1.4929658456512689
-0.6842013148515032
2.0479192526620986
-0.5504422423189577
1.4691287280754306
3.19332564488902
2.4220251650328897
4.885712249817497
2.3478830115884604
0.0922762228856282
-0.6803426983126495
1.0260396790120776
0.02720948554124658
4.306754005631123
0.04963746409737402
0.874356285660232
0.6619791068020784
4.1300673309033895
-0.6016370123657375
1.1429871535457883
-0.06686608944009942
4.225587941003015
3.5945402019374377
2.2414278184300365
4.4641141074913095
-0.7249486815832968
0.5341589899118409
1.1891961371955366
1.625413801473801
3.2133169411786087
2.930470819250462
-0.8964084114658293
3.498423823647853
0.42783783362481764
3.543927032117484
3.719195842063691
2.3794800826090325
-0.42874246435779306
1.1237758230937853
-0.14619393018616988
0.7921634722912241
1.519988375717273
3.7602880800974745
0.09670980827404141
-0.2393452796471376
4.86292125645533
1.590346677327485
1.608541207596279
3.8328326932930983
3.0820947246978125
4.1081998960142485
0.2283547030545574
0.6680970790240564
2.331192037343481
0.7679954269980787
3.335920524188687
2.0329015374436636
0.73920479390153
4.280544859432184
2.7667317425303217
3.826360820511007
1.5963785085437125
-0.6621668235189155
3.004045092978534
4.042493748079519
3.540516603775023
2.0870210365608117
0.6484232512878434
2.92689969414966
4.38363391484674
-0.8158530004679447
-0.9782656089133865
4.67989940089664
4.956990045523842
3.1010527685569738
-0.78192222821
4.176529437119787
1.213178113311252
3.0482357155126856
2.1314997968354716
1.261210439177264
3.5304070937256586
4.548460619736183
2.999827725635729
2.836090311150058
3.8706515344699186
-0.07065615044776585
-0.6261793851588158
4.855406467610344
0.44850637753551204
1.1233738724981919
1.995235020755151
4.786229522904867
-0.09494339004600327
2.691776099285864
-0.4066571793421665
4.645783648951433
0.054672937267459476
4.392295344585081
0.4263351053555413
4.70643539620919
0.8255093820117196
-0.13311926337903945
-0.21663101409345042
2.9545479359826774
-0.4413395069459489
3.0204565681512925
2.648521704674632
2.871913909238164
3.7524346011563114
1.6850647398448144
4.515795445615421
1.2337112805923809
2.3681516855461506
2.8236790470996054
3.266661476883793
1.5151869754107876
0.8745476917920743
4.377758620587512
3.4720248979665165
-0.160405019452315
1.3120414754907563
0.026095224646682125
0.32320992776139046
1.1429186493406935
0.17899244880351262
-0.7449154198238792
1.679563743861471
3.8518460269208754
2.8394942666808687
3.5067305223676852
1.678005170437339
3.2211743470288585
-0.7936159899051187
2.375178712355995
-0.32562963273023127
3.789643778467129
4.511914887429043
1.3972988416994179
3.460415771303259
4.454927052948518
4.031806369117661
1.3356739211992679
-0.7466644219290786
4.000863533207612
2.882801657665537
4.937079072215619
3.6222667700656075
0.005014001506663979
3.1472050623531445
0.8668634583182451
4.477504824163998
2.7618963878400606
-0.00656547303547339
0.9658350606584205
0.5053995522095873
0.2684207574294981
3.4194975240890946
-0.5878704588794716
-0.026916878130402555
2.81227844709053
3.7466001391262918
3.7091442347000747
-0.0222694566019197
0.6449640200845683
3.9998131365062974
4.395682606721755
4.874652532268162
4.577252430976014
-0.04862658151103383
-0.7071686740965604
4.478395382027766
-0.17667217799199064
0.4121940192013194
2.287246767118069
2.92203101885301
-0.2566415556187194
3.601715055213317
4.846629806106745
2.205595751147582
3.324564107391158
2.261106415415414
2.80440206337282
4.269479607460902
-0.9704601299274038
1.1749183274884603
4.151052647874
2.993963932354565
4.973440317630297
4.02958406727045
1.7602495820658688
-0.9082708445903669
2.9427257921761685
2.29806899822741
4.305261223625897
-0.025568931670496342
3.4512066584776395
2.8086328155918316
4.69981652572605
0.9445913917412265
0.8364705271432631
3.413074611255256
-0.5476873454089242
4.386536213617682
3.418157724551768
2.2737210524743983
2.9242997408905174
1.2538555242361444
4.2919399561536
0.04363835797770643
