2.2877082455504985
1.865827598877417
0.8201711100998526
1.9018709166373942
-0.2814495845199658
0.17373022288354778
4.575134540733745
0.5206900926768085
0.6770608105829223
-0.1897167720983195
1.5465810376761562
2.1479540756461293
1.0615975992764106
4.950700016033061
-0.3585689235999807
2.730803904169623
2.5606078615713876
-0.8851320048463631
2.0511642900001372
-0.09094182946017515
0.2057549938706964
4.844609206821879
0.045147394255491635
-0.7536583642902772
1.2991581516490194
2.650141745191327
0.8207011922135459
-0.19427690702894274
3.458976181771659
-0.769658526437172
2.1035004168985667
1.3527241059122743
0.8688055500977161
2.13058754093467
0.9250037162842195
1.545461917214368
-0.26572197573737744
0.14051423644703487
4.365295751643757
-0.17596148008120882
3.4543933051281446
0.7900798321013609
3.5038304193366603
0.7219500307593469
1.8822156633714684
3.139294643463715
0.2178580383765525
0.8053037542803856
2.744051855277988
0.829303586078376
2.2253019773297114
4.976409696300726
1.5788498278857448
-0.7794833109141843
0.42742659324328214
-0.5995371298162337
4.176889676286631
1.2515684249306425
-0.6830499546814357
4.141880550869338
1.1415783540154378
1.5126930960510903
1.638800580373978
4.11885799567173
0.297845933236929
0.00787276984902352
2.8239484676697773
1.9553131133981303
1.9736799468430393
3.933554952417788
-0.9157253075046392
0.6737062345085563
0.006485488997751254
-0.13621036729841562
1.3965337874607853
3.9267596388787442
-0.6652474738807448
0.55145683628934
-0.1431748219494693
-0.570607059538585
-0.19152076587800093
4.895057860844375
1.4622475108480657
4.635507742460911
1.5008451640240597
4.75497625516862
4.25930443443683
2.248837623626482
4.188550376656895
-0.8791125997042066
4.549142502575997
3.4856189965577977
0.5375331643625794
4.016753555742831
3.6228705495434896
0.46678693874635635
0.6746349980660054
3.075710612670057
2.3768188491205953
-0.7541823109893788
1.9284707822894829
-0.7802169907032965
2.7923078831752766
3.3014332972799103
2.423615158674433
3.260532790701504
3.8494936391755603
0.5369422125411245
2.950372732911829
2.371618033796632
1.8637994559209998
3.644871023257224
-0.34178013797222806
3.7827563064946936
-0.3510869897208009
3.408448595822337
1.6917588746434573
2.165748454245234
3.170759023299868
1.0123022705941755
-0.7589339676592772
4.542772981018644
0.4736775998273062
3.7652013654066483
1.964070567576746
-0.7030945287295167
4.901396870475719
1.7485568071990647
-0.6500100600961587
3.6524023354216846
1.27035824830313
0.39300170445047655
-0.9417468513177185
1.9136500934094771
2.3310004804365008
0.9676225337370155
-0.6716163302095728
-0.009441574310657952
1.4997074977906202
2.964657821329626
-0.4888380621981556
4.9655973853428
2.3999867771061325
3.219136555760312
2.8619430606646885
3.116559009782578
-0.5862642303707244
4.363883946416042
0.4362736799877027
0.12168493401477298
3.9856289162101177
0.8230435453430218
1.5772192984597204
2.316155112272037
3.140272935409447
0.5322299268663322
-0.8062300359128063
4.490044264273276
1.49938109278499
3.167333087156112
3.05559768273016
4.4372717497421394
3.303286053884813
3.15115441282218
3.648874527670266
4.681201359727941
1.3844556199050628
1.1484771439295711
4.395865570713899
-0.32254544247430683
1.6193289591697142
0.27497806317410833
-0.0006660554033159904
-0.12270143218366036
0.4200953980552129
4.8087769308164905
-0.4956564812796469
-0.07490231835665662
2.9313720393685143
4.13625375516583
1.8357799948089943
1.4294832674042626
1.341308732082465
2.8399218041351095
0.4969813072495648
2.274662298472479
4.86066154477807
0.6154705925404251
0.6507474976822147
0.4708232041620104
4.9942675379210995
-0.6506607153219266
3.3853059163385906
-0.07052502978688757
0.46706170704932326
3.938361994607514
2.680838069074542
2.275368014495789
2.100821381754182
0.9849578215918517
2.4278797618554266
1.2695895673537136
0.6810773574793056
0.421482069131051
3.4098869942931715
-0.20557048587882987
3.184913420946689
2.676433324891192
4.876782736333662
0.7661165152591722
3.1208181559779504
4.810582689950171
0.3152753313513479
1.4811277320890701
1.1019896973984271
0.9279835485958472
3.974793442467581
2.982345369423835
2.3651625903089846
2.3473495812800906
0.4687905687027656
3.496362038620819
4.406182524975508
3.533568067255924
3.061404648496902
4.807297408589498
2.680108976076176
3.860196071877726
3.921883221536711
-0.8874146331917847
4.4141207790107195
0.16918655314591757
4.445296743457337
3.8868474489709213
0.7493093233413928
2.638025100610406
3.5180007320293303
-0.7971264960591231
0.4397370136862313
-0.6861880929136877
2.8981034421049836
3.0311966861022857
1.989466888215357
3.2077198697624727
4.456623669309881
2.408301316898082
4.990330764285165
3.0371157180268185
4.507730989537609
0.5945896976915006
-0.23272215651381356
-0.26633910301056773
2.9889936923017704
2.386184772568735
-0.8851512841038449
2.9729166735775987
4.391333122100248
1.5578613268003467
4.664852233918559
-0.5929992181545658
0.5048024431032565
4.043651458842245
4.709259891962665
2.7809855235210073
4.104055853106923
-0.34732025160717717
1.2551003170117285
-0.025524106362084575
2.7973615152525424
4.71105428522733
4.8182263304947694
3.5400711375868923
2.432030779618698
0.2381750922802035
2.745933339719409
2.8016493505962132
-0.02767183355783054
4.0000169321909995
0.6953802850659951
2.0852437129590298
3.2378127863132597
2.7953114933362317
3.3787993086450303
-0.8692337560601169
3.4758352428216286
0.1657442957162878
1.0567027619979914
4.052651752269034
-0.02880228713478994
2.154233135472694
4.389952613177308
4.6345630083291205
0.2628074387942001
2.059648727673558
2.7657307809666314
4.61982338540647
3.9674570466604226
3.5260238109665245
3.099514736019506
