-0.7438915563652595
3.5030354427364045
0.533635356810066
4.1613693760865305
0.715398029723483
0.3134353195005075
1.469560216160633
4.199782089872798
0.19356468027611018
1.7460715477635405
4.365033691329533
-0.18178326232186004
3.404689056307344
-0.7177050970104142
2.9321549670071922
0.06863475447194989
2.5768567176277504
1.6095788019104056
0.7273359583680441
3.3432109831301826
0.0650644390346875
0.16676794404190076
-0.8389051194269088
0.19139267286614237
-0.1394281243680413
-0.5917180248789444
3.8832131633806046
1.2966937328067116
-0.06295527408467927
3.60410235386657
1.8794011255513188
-0.9122443254437944
-0.026561626928750748
-0.5013061045054308
-0.013736281181808918
-0.9098074414303792
2.6316762696746645
3.026515500036295
3.6883148599444704
1.668955222975252
-0.8418115183597934
3.1201029287655864
-0.10823225896966449
0.2617945081019959
4.446417316561356
3.152510622405492
1.5992947057252795
3.723452402008494
3.17513925154301
4.694154503337578
1.4922507603098873
-0.33165317429673147
3.4759286203075472
3.568281678400508
-0.7327736795854889
3.6339437100620113
3.8647394535074326
2.3386111668755043
3.720275620018352
-0.9453545538010739
-0.21635678501139877
-0.5646263591978005
2.7517386074666894
1.6053903693958893
-0.7385662324502205
-0.99653233136044
4.932152768595479
4.4784348718571305
4.185970115047615
-0.08996933787225214
-0.7472413009765426
1.040218871401235
1.4270660988784818
3.2162321956010897
1.3170459870868667
2.0011188547581424
2.7044481097197615
-0.4487504134347322
4.146350277721149
3.2371218524039946
3.600824564560112
1.161274314884833
4.885883106508775
4.186644496424462
2.055422990405991
1.4375946221660278
2.24033664542827
0.0750234858942962
4.4826096906879735
1.924733226024956
3.899154318780262
-0.11817710987514096
4.621106366488653
2.2730979355111414
0.3166894966277509
4.4432980592830615
3.3646644620367825
3.233101977636598
4.543231159195428
1.0532530742207316
3.228444651204607
3.9399330077085146
3.028715454669447
0.6737528992003976
4.524372395766875
0.22859809765207073
2.6382522563322004
4.323964134057761
2.9166437421443416
2.3888382864352966
-0.8625536742429067
1.3695682058107161
1.2324575412227636
3.0799683873216237
2.296101597511246
0.17994331422923127
1.5175578622551589
4.060901446636125
0.8732720231996711
4.942213268655688
3.491723207333445
1.6915863740955666
2.5514127681363274
4.746029302107477
2.23962084912489
1.4672120953186338
2.8421115114751156
3.43012206201751
-0.7179686878580385
1.0409657440094175
3.8845539894486345
1.1725899458847082
3.496413081582732
-0.757274702954593
0.9091336471152522
4.987043833455517
3.526735876076131
3.5375749320445955
3.22198342899582
-0.9332670639526219
4.831388795402105
1.402951744701019
4.175704349329142
1.389295524323681
1.8091534646725669
-0.0008981421834635128
1.9891054044001883
1.1059257767626471
-0.18700520646727958
-0.5989196304962761
-0.2888537181772355
4.911677473450106
2.902817995528146
-0.4550216334521058
0.867625116647881
2.0428140267897956
1.5803159547239622
3.2919013560143524
1.7257295823847718
3.879385512241445
0.6639720117692223
0.7369530671792648
0.6744843890024648
4.488609577719248
1.6314453206460686
0.13954978357203318
1.2114865495612017
1.6139759934043059
4.40663039495512
0.03929362288368177
3.0621934305375493
4.0250530345198365
-0.5777766779531142
4.177431618816844
4.264151984382313
1.804814525385785
4.0755069194219065
0.8849117249503775
2.7276048431739452
-0.505651602586058
1.91701160702045
3.467999996310504
1.1349245974360844
0.6413884793182678
1.517376576599113
1.5357196345568198
-0.8786983957583878
2.4080006509793415
0.9406092452102208
-0.25565525180148674
1.2737182115857228
1.5346600414249978
2.321383554696002
3.4158228754679776
2.8298346654512314
1.2139125457794706
0.25777503263851975
4.371883008000858
3.7814809814954264
2.371788657976314
3.595542943669207
1.1240575366703673
2.460593678954437
0.2695860979230771
3.912468426385373
1.3374821233294711
2.2027807336975602
4.053199258424604
1.7701430395096764
3.840815927727278
2.972052627066212
-0.9165336497769188
1.323615034370322
4.876048630961792
2.4276196693783016
1.5196367830019666
3.100683659482648
2.730570198235669
-0.03156308893667026
0.04717395163446603
-0.623898850008207
4.83912030701787
0.9664354187978772
4.814947188016151
4.360829441568202
3.9942238889930515
3.8087731861399607
4.249142739240806
0.880295882158094
2.054834534618066
0.6492212245683564
-0.8680314789929648
-0.40706328732574404
3.0927853203035767
2.665667026995515
1.7663113434944409
4.155003829603439
0.9556652355161654
-0.8977769980785384
4.2946193789689335
4.086379210432712
-0.27389608521309405
4.09150550491807
1.24768547289041
1.218639072165356
0.1021380817517219
2.690303294571648
-0.5708123012848321
-0.368790450461006
-0.3805549047343353
3.534620412153685
2.5799124308498356
0.017541139075140988
-0.6517273706208822
-0.28241698041115026
-0.7756900496905517
3.279671114075591
4.4108717205439945
4.861519011566703
3.204113687343992
-0.11597516147856579
4.146797067957708
-0.19538812090356616
1.41646613556588
4.795446508343255
4.4468809172831225
3.4973470149153396
4.2743672841233495
0.8431539118570888
0.8238090363827697
0.9831299087670697
1.0899917951441065
4.211554363040358
-0.6284642591361251
0.10061997503662345
-0.03678699346308267
-0.981087163258916
3.3412066251194528
0.35701673370877507
2.0966965051817312
0.2770759395123257
4.902535798974734
3.8604829187665324
2.296907700346277
0.5319210803836358
1.4639763920619364
0.21030069605065038
2.234226296918333
2.3526973725453164
0.5414896964001741
0.992408252385582
3.076059893998388
1.7813198409572393
4.102817309519873
0.6536124120164104
4.197584030895828
2.1330510272690715
2.4178913550310384
2.872281082191638
