3.7725389991723803
4.048018623299804
6.110729263575365e-05
1.0827814403613818
3.7484396180967625
-0.16280215423558886
1.275807066644326
0.47254060710225776
-0.2524735363577002
4.835919385904841
4.06965193970698
0.8804529781306831
1.470672894577553
1.8763200850158848
-0.09338163054901827
1.9775192123340997
1.785110734726131
2.985354115996677
2.4965682956166786
1.7089337601152623
1.5981616871409323
0.5418938676029539
0.26123146194570035
4.299658384598892
-0.9344445767127443
1.1464290647298965
3.5672740430280303
-0.428976634140118
3.238456491793479
4.235673597476374
3.739491912027459
3.7395887934816203
2.426256564376936
-0.33063413405992437
3.225925509653921
2.900270466201583
1.4717303139655575
1.5672977280538127
1.5468175026010185
3.566360001415834
2.4743695220679154
4.453244983730153
0.6926777884505324
1.0739140410446968
4.257861545027804
3.1095785885420906
3.367215332280808
-0.28004811436122456
3.263530316373343
1.7291358055519748
3.3083548918994756
4.442167505764365
3.0977484206469867
0.4992367880863713
2.9059772634076575
-0.10406884089579194
2.9772010353528358
1.613839735722939
4.091691015608456
-0.9332926323286204
2.9098032374317304
-0.09654715437983508
-0.8295426766560539
2.2833640475260184
2.961004766321768
4.57675772006462
-0.4843659510039189
2.498382999755176
3.6131488839212587
3.6600772667238353
-0.6877607542567838
-0.8393338651583127
3.528416328079466
3.1942026831743213
4.703335230641544
1.1088972389135456
1.15344864056536
2.67937300402118
2.512528101336675
-0.5755776214619661
3.928866570519033
2.230719933840267
4.646384440707002
0.694380592416834
1.3806563993362588
0.3177107719191614
3.05524386079758
1.3767778323458728
-0.4802928677509566
2.7188085289104835
3.0946995531417505
-0.9674343155304861
4.425647408813641
-0.6498636818025265
3.2699287214248782
0.1640365174597178
-0.09280050110435267
0.06244618927250167
4.036694500521181
0.0183786952766829
2.364886995774625
0.1908481921851346
3.9387538559525463
4.989247660760112
3.8099219193134504
3.072188940108015
1.5265749899029735
0.01674944547337831
0.4885899119252324
4.195348169612068
4.508345675480109
4.511618961010947
2.6515136603107132
1.5679046087464608
-0.6896733664640975
1.3897647191078861
2.353858566267703
4.615287533508264
2.922632265147903
0.7521208273630904
0.5698411679334452
4.4753888299495586
1.832457047248088
4.503489046984893
2.0683544814512214
-0.7386640639714692
1.1906668463316796
-0.7401249283789544
0.002832990339909358
3.5744749939609193
1.6866384892794168
1.0936446145206062
0.23267338910290158
2.9911558219088565
0.5919706327969672
4.416567714155363
4.498139150020872
3.064601533207542
0.9569239426217082
3.139991420323528
-0.13824191477028225
1.6677473911314298
2.36366873770379
2.764822016124182
-0.619637901205538
3.596197809002235
2.569159230625172
3.391720938889118
2.0226347492128287
2.78691665614956
2.480773948145867
1.6168139388701155
1.7421830785391799
4.473711919901838
1.7488867094014626
-0.9771489401903548
3.0599172340056775
0.4131947039143109
3.672428586592888
0.8269337986797289
2.551198186178569
-0.11141426251873665
2.7774813992239906
4.6242161350782105
3.41660446033071
-0.20508663513413095
2.2893838592172044
3.3197286146329903
2.6256880291903624
4.46026441309805
4.283272613935422
2.080058201284827
4.345155322556932
2.1425465197400495
1.2899493356710972
4.820701443331286
3.816383786302384
3.2685708069453208
1.384967403849199
2.533345171334245
-0.5740034360805137
1.9275536373322169
-0.03957996363942251
4.19817091333527
4.496866450618392
3.958348078376563
2.3530797279908504
2.071663591850065
4.128523229083465
3.490624537148183
-0.39804590378802507
2.9280744764053392
4.568120557711244
1.7522170585259564
4.772976169436698
2.074237813324983
2.13196404039921
0.6013300287770285
4.13111083324422
4.765312866429157
-0.9298578043659309
-0.23987253702360212
0.9158621933311333
0.7739281950585271
1.828307612844025
3.3801645203603927
1.21599757215927
2.1517283439769725
1.020654716135664
4.799722114105874
3.6410716459470525
0.7547525427531783
2.5369007180734346
3.1687477031526754
0.9440722722190391
1.8694238513057089
0.9801331406241647
1.4275619208255366
2.9323437987240712
4.971494563443216
0.5939328950012759
4.6926331346735495
2.9394827386471203
4.526654780892116
3.468602381080208
2.981860440078081
4.127548575295881
0.050896179860216995
4.467872547873904
0.6580360829507939
1.673786176911344
2.400684970651983
-0.10787997337103583
3.2273083462997336
1.0548511801296856
3.4929199051227107
4.785989679875653
2.9553974013633866
4.092102379002159
0.7482330253676333
3.046289741147982
1.426951178912753
-0.86116458143879
1.7338274514327487
4.150055613058845
2.470826329071859
2.5288138967732205
1.3859603231561906
1.999393563672757
0.4688585019966598
1.9939925755662653
3.407550926719855
2.508737690997788
-0.3180966057196537
4.848711532890221
3.228219359206764
4.664770839029014
4.9594802251785906
-0.027761295481069315
-0.6592286381317309
1.2986537033004653
0.3095903611432089
-0.13225529639930977
-0.5603772377884648
2.513357146526406
1.0611348836169539
4.78370388938557
2.2647430573607608
4.452233939638364
4.723471876878271
4.079141020224435
0.6102231788125398
-0.45574176426747637
3.3241749217813457
1.7250375400945805
3.2401246194369335
-0.06878005572460877
-0.08821750507169202
-0.35413154908499234
2.4973243756874126
3.3243862730313127
3.0974867667349297
3.829940250293677
0.04597367681643183
-0.6690597138451411
1.6133162484996677
3.608793931085202
3.0935353506499084
1.7196726430777423
3.5685222862132004
2.686046758504517
3.5281069618938368
0.22063690934184632
-0.19048227921318794
1.5144891779101108
1.6889671624954818
2.6046088985862976
3.0221075213024298
3.767090390032731
