0.74006754450174
1.5698654690023561
4.602501075525277
3.864281355366229
-0.8111092455886981
4.291635949879782
4.900057021417648
1.7700948874663514
-0.828992545991146
0.20037730370116802
3.184326747929882
2.0003284661500724
1.5063480134513627
1.744082156746277
4.884763975497638
-0.7232535472366626
4.222721990296202
2.300290184811975
2.66509479408722
3.2307860557308032
3.8887905269666625
2.1209310237640717
4.399261826446641
4.368245894333352
0.25806991441027716
3.541872509884435
3.9362268157770206
4.809903606833797
3.9001769269146607
0.6069966781813334
1.835756458572508
1.3758519687498234
2.8954381905996933
4.83844607663139
3.684970655787178
-0.5524725653796778
3.918425361237646
-0.7547068495300688
3.3169158417950424
0.12487170694143868
2.7970502368972143
3.8416880639998707
-0.8487201537669273
-0.1290451333193452
-0.411152066429187
3.7808527722368543
2.3151498854404426
3.9236390637119953
-0.7251226200676832
2.6494661249930083
3.416229684556968
0.265656693032553
1.4715508559354098
1.554032122169441
4.753290786541913
4.057003284001134
0.10457384638701361
0.4850888681321488
-0.17512453355574786
-0.32008708632459193
0.07455560824069307
1.915786941169766
4.834562272078833
4.821948100057448
4.285468294671439
-0.9311556643081211
3.6793743691905636
2.09397364143945
0.3689291151698715
3.4604407776993105
4.640088143410833
3.3394186132881014
2.109593152459007
4.523780402615467
3.775428114185095
3.0831424488194434
1.7618526143460267
2.7186020237288515
1.130252394536099
4.4335495180117945
-0.3568023254751873
3.7923003826530195
3.1750230550019864
2.973543070598752
4.269167110572469
-0.8298544504500789
1.8721985065448887
2.466391120159836
4.146674684869293
-0.07207092009164828
1.841461338932607
0.6381783086114667
1.369209491453998
4.72461602284515
3.596547772707188
0.685680215712761
0.5175711503269989
0.8209097777576329
-0.15493307793219646
2.4888960617380675
1.6702443389824762
1.3661379908981477
3.374895951983734
1.064052130905532
4.963848068814107
1.8188906896667896
-0.4113116545446349
3.3310963475358477
0.7103518011340324
4.323234036211759
4.53971405438618
0.34462689097537624
0.7398927762944858
-0.8961030894095823
3.7316255132720304
2.4958951132550693
4.294836058351189
3.5105894239664286
2.4580169103079577
4.031407855662204
4.0902865605425145
-0.30222053463118503
-0.05549773376129541
3.7835442704030626
2.54382802786762
0.33954615797378085
4.082736489802068
2.121092106279129
0.09278401858370455
1.7234028765463796
4.507072708451442
3.7872564436377765
3.2886520113587956
4.614265382112604
4.900553910470682
4.927822145863505
1.9132905228083619
2.893306864508401
-0.8352833348595039
0.20049723959479326
3.6788457093021947
3.3160379159901465
1.0307656432772334
4.79828996376087
3.5441804172306943
0.03322516516768781
2.1019791224068225
2.7443684529506744
1.4992512486095775
4.481284188664082
3.962191236680396
2.948482744695182
0.12458195185378118
-0.7780151009182457
3.1632089286903398
2.4270998861722886
2.7576290235087755
1.5029372430909218
-0.9479133048517681
3.9868456020751895
3.9898769912873364
2.921344575335363
3.870707827882181
3.322666295839845
0.6694979706821462
0.30396490142651333
2.569166912658348
4.56531871265396
-0.21933406945996126
2.897783058057495
-0.21053421943641482
3.981675548073903
0.8065321052812371
3.795166484529463
1.607773343283264
2.1372589874671664
4.182471054820368
-0.3703218216930053
1.6952229678762958
-0.7435645992600601
0.04867499639077533
1.4116345706295537
-0.04569636481123318
2.6883542548432784
3.890061505935752
0.09136952240705432
2.31155880396199
-0.5213316663888679
2.987113160428716
2.4477274234364477
4.381325694916361
4.845105613727448
-0.7399743367391083
1.8423541510288342
4.619507960370381
1.2906028055808245
4.69557851040767
2.040695535274116
3.0835286206070105
2.6997143015693563
1.366624039566859
0.8899163779601498
-0.44255773995865844
1.7444713971730992
0.21284852361964068
3.6627363796092975
1.66544661605122
-0.8599211314841999
1.184692003485063
1.1792631597241718
4.838771570330482
-0.2178508026267303
2.7447830733133056
-0.9895723008357356
4.157318131005608
2.0474600227284174
4.473279852992899
4.612862313572029
2.6766618490040734
-0.7891912474253635
-0.7687985819907095
3.1519482769835143
0.21621572757578034
-0.6902481611920872
3.796213529095409
2.9855264757895066
-0.6999775501821184
-0.3186232434642031
4.894566197526341
1.6407180343732568
4.337427592405882
2.765998332855075
1.365872209499988
3.122700580871257
4.1897711215982225
2.2897973003701018
0.6966074895463967
-0.934134273095774
3.735641327895266
0.9430164914631669
1.7767388567796951
3.3829701523189986
1.1125632399914993
1.857003783177495
2.8900671796337916
4.55259913745413
1.377021800946285
-0.9247331902210172
-0.3956782608138354
-0.1799593474073522
-0.1455994159623646
3.549315133480839
3.875334145045753
0.05766526299567909
0.45480723968819525
2.7904672391107983
-0.765609371639467
1.217837004131344
4.203541793106115
3.3191186435534483
-0.20257881073123962
0.24031200774501094
2.8238260590568363
3.0581565914070783
0.6972412654539668
1.5439845466758473
2.264633026864977
-0.26435074688110105
0.33619113449030036
1.8686701571807935
3.0808561628262563
0.7953012911307984
3.5737125713986515
1.0163311342860317
4.247943115303505
0.6309407953014345
4.871694951984937
-0.7087664292931763
2.1882095123193563
1.4948656734329333
3.505075278663025
0.8398958772140652
0.8932058830425631
0.1694991812326685
1.9592131908681871
4.688781874027377
2.0535958428562915
1.085078337472447
2.2800139344555785
3.573654158067746
4.016479814731042
2.7593587536081223
2.4175204888313075
0.7266939364717449
1.9498034678473628
3.927520250855684
-0.8674589446194061
1.5424025271651396
2.0248622617951604
