-0.2235849332831088
2.535863959791243
-0.17064272935870406
2.0642347251823727
4.062163452057897
0.5788845755607261
2.1743196896656363
2.6412705148929323
4.931627606537041
-0.6466421198713643
3.7806628682651793
4.225146566893
0.11668635624669443
1.9330160058454187
4.679341742267595
4.805043788503117
3.2859391259321544
4.955300244862729
1.754308877509584
3.6925260865848255
2.832054407595405
3.1374240657581423
0.9407845470104221
1.7374348613284436
2.3022087933968867
4.182872670761739
1.793208193293161
4.556329383969413
3.3259847868535486
4.5247528183769905
0.687850386101168
0.3011485525180746
1.7571444189506331
2.1126139849798253
-0.4223953637183051
4.559700911616464
4.585856152369915
0.742920613844813
-0.0729128259536127
1.2688899361063992
2.2808656184778378
1.1119326604333546
-0.9456242439116682
-0.9681715208290147
1.3963199478754404
0.1796610722077363
0.696277783019154
2.6029119299293146
0.7364142783097298
2.904067433598705
3.1308622460629465
4.296483220501641
-0.3059814437809938
-0.39173890635159414
3.40063786138644
3.433401205760658
-0.895369026060858
2.14520520937657
1.8341543453692246
0.9418939417556644
3.8212822518949574
-0.5707131277446473
0.6880422360357588
1.8644760169708139
4.9802497084100095
3.944386683095046
2.2735292555487945
4.617407056301673
-0.44865152290784693
-0.2531792440758083
1.7835731463816051
3.404830528256186
3.5936561886887324
2.2493400828480103
3.300365597406488
0.666915172812536
0.43204408421764184
1.116610659546772
-0.038804258464654184
0.2782908625206999
4.048704240008403
0.8226046432463885
3.129773544178346
0.4190530129169885
-0.9064413323504059
1.4844963821188486
1.6886719500963947
0.6990423731982123
2.7838367027636073
3.517133983743393
4.285256684443171
1.9622615159141588
3.146248877031251
-0.22319586506925582
2.127757563112891
4.891869908334826
0.8025507084184063
2.826191156545692
3.190364588133158
1.3378471940986714
1.3117425113439527
2.234053742920037
3.373682030741324
0.468121792623865
3.152678328720663
-0.8602202222138249
2.2044915188646153
0.3821727909987369
2.2215976866229594
4.614640622047871
2.9245962103465546
2.513581859674218
3.6762955063423437
3.9901959017409716
0.8633625466345389
2.783237314756816
2.8400029264357465
4.060074024123114
-0.7561688259296424
4.526876343863861
-0.4961996514075946
2.384454136594898
3.558085958716413
-0.6484495047974641
1.4279340725333576
0.6387562092274193
1.7491760150211775
1.1363134100740275
1.0968147875294516
1.3969605820478286
2.206786849942241
2.379142181509156
-0.5484712357436197
2.581760158708131
0.7024944692370587
1.4097795290503665
-0.7957879465351483
1.9663271562176963
0.44297028090246005
4.604576601416227
4.7263588638721945
2.6697006624777613
0.6442937320328934
0.7721837745887907
2.946472880374749
2.1129768725964624
0.7538416145753903
2.473045832977194
0.313840835856648
4.068461487518217
2.2670483523064675
4.794381399894298
2.131311431056603
4.1818384066840615
2.449730912145156
-0.87224619084963
2.212658433591094
-0.12076422074593474
2.7312675494246363
3.1544598475102434
1.4017811659140964
4.655974668092215
1.0384370764938984
-0.8391101114635275
2.6977629230610622
1.8742614523102903
2.2858808960068826
3.879993437428869
0.9341539573145965
-0.35551898836757667
1.4009371834758038
-0.5408261705340325
1.3980119407898792
-0.7950886438926068
0.05601175822989268
3.260112466218139
1.3688648125939862
0.553141708389467
3.9849021469261574
4.8289533419231665
3.769277252454514
2.61218614895921
4.436091500615806
1.2109915417014596
2.8629153833431276
2.6142397785696425
0.17382121389119498
4.712779636252508
1.0155347088529716
3.3059617948979536
2.7285966002816107
3.1699064786498345
2.1696738522218055
3.432444491057952
3.275519655572344
4.218098027290893
-0.40166126457463935
2.049191696664649
4.102315314384312
2.7231566056820107
2.8722500093626593
2.3522225293759007
0.1596479472137482
4.332143966655304
2.9226599581460713
0.10600867281485771
2.290069166971845
2.020906370984596
3.811797662512306
-0.4092989837023031
-0.6849585627341961
3.7029954117986454
0.30452809558874105
1.3704779515176924
1.1552680315968904
3.5605159320394932
3.610089342123427
3.309796840308538
2.765395134319068
2.512824043728343
0.7173508404431821
4.2248802748654635
3.615262228600831
3.4893833619336707
1.143315371257155
-0.15859684213941638
2.5360180487180144
1.9380297004979976
-0.4105150382312759
4.901526007979299
0.6088523017184708
2.41945746857572
1.5990520301571873
1.1087542729859936
-0.4648205698644208
0.49797162142804785
1.781729766581711
-0.21195530725994738
0.8202148577260575
1.4981388091553844
1.644812061489243
-0.5915762409090883
2.2115778110486177
-0.4410337392825694
0.6442233221232014
4.840565958190056
1.0576818640108963
-0.1782907389055266
-0.9956114661017452
1.3405550449653751
4.337868306785844
4.642871704171426
-0.22493937294799538
4.014610828362794
3.379739441017902
1.91609081804656
2.2626138361959756
2.3135154987088606
1.9823529868390404
0.32845688063912437
1.1498272536694896
3.272348650834733
2.634870150037361
0.6482811975083187
3.1702885242438903
4.057386464355552
3.833220754125964
-0.5809464240888846
1.4429135696865418
2.5103759124112157
3.1750119949916993
3.728523671767557
2.31794218320277
-0.6741392762106124
2.5829849245679903
1.9343523467789163
-0.7316866378930766
2.1268904377117632
2.807628385125893
-0.34191868138747217
4.3676804411147385
0.8502072314250502
2.719049077040636
3.7280608772579065
3.0776570365549496
1.7921496652369049
3.840140129940684
4.967758499628164
0.9834049921506249
0.5374766151006509
-0.8858530466039414
3.009415361967961
4.3532277889588595
2.0347273422108523
4.579656799812501
2.8467317047588825
2.730276056255703
2.958363534100945
-0.32906582094670367
