2.175644580062639
0.7840176547841367
0.07822768037119499
0.5786950480129935
1.0500089089170617
1.5388865550124575
3.4340700491509777
2.7575773807295842
1.7320189142245201
4.353081540788683
4.090066254454381
-0.41692072126519
3.6833836815910956
1.804440809386946
-0.9328107592642383
-0.9637111261094957
1.3389778466597013
1.1669292929056239
2.012692721667657
4.399242636210392
2.778742723474749
2.6786599939773943
1.766900838537075
2.03347469322324
3.49618849422252
3.9932329331743546
4.10818179973162
3.8764366953566194
2.0850255901789474
2.589553009117234
1.110707736799597
2.2562564965624423
0.5574383404177543
2.912466837802487
2.688639041150175
3.4913031083287365
0.8994902794045854
3.8810223454657855
2.0437662177273332
4.461610965278724
3.1459269049249983
1.2784334647968443
2.319453800906527
0.6677528665523926
2.0423971571133857
2.7461669152585184
3.3762281146033573
4.74293660072472
4.953482150893171
3.0845536517923335
-0.517872586024742
-0.9319082376305292
1.5634173512984377
0.40501855602003767
-0.5733904686735889
2.4565341256250433
1.4152666109506047
3.224565718912455
3.5021638378179265
1.0916257109406144
-0.7126433934824297
2.1663335230783995
0.04956036773051675
3.535722037893205
1.6423529023897556
3.6326613832278527
4.67715722344432
0.4002934468952255
1.4287284068924646
3.7166834299864107
2.6095487164445945
1.5098836251518755
2.2293540197679076
4.397112280396865
2.3356488503170545
0.060881608169952806
4.6740897202707234
4.922568554600288
-0.24958077580276927
2.524073295469468
4.394959733027811
1.281519908403956
2.7954049714932863
3.004679848157018
-0.06514612338414838
1.7257147544795837
1.5905725454070367
4.550248827700786
2.3244736208297314
4.977499971182744
1.6990468789693995
2.695687470161529
4.289765550419818
0.641342813966777
4.7773877217972895
-0.8144818331492121
-0.7788852102864752
0.7257193206504093
1.0600260386303009
1.7802501391913643
2.651152988374734
-0.36430903946969084
0.91445140039499
-0.6708347292773389
0.04996648349688004
-0.4437881350533228
1.1484961078905718
4.041463929443006
3.824654415949494
4.758632418473496
4.619441299866379
2.040584586377913
3.533412119412617
1.92561231590836
2.5508070083344165
4.654798130071517
1.0115965727178686
4.0739201956912225
4.46756020697652
4.749784492745798
0.38178534408508136
4.585509224435933
1.432521694764688
3.0817435726817104
0.8025286867629977
1.5027053961708923
0.9828043241163318
2.6845908229570496
4.451619175281583
0.3630472352671801
0.6041603660951618
-0.038742875643924535
1.2122477524272686
1.7848231869225404
0.2636297941470236
1.193881141458942
0.8577427399547453
-0.9614366907183245
0.958806867127642
1.2327837389992071
4.652051014830987
1.7816525407473982
4.467250601593204
4.296403984470382
-0.7373054285079781
4.855739819323959
-0.9032093253456117
2.541466525529117
-0.5302702250233735
0.64475626953188
4.103850826525946
4.287495445961904
0.36572857652536284
2.8449904363721212
1.503201270939944
1.6791052951927359
2.717302152124315
1.4240617154345419
-0.7162005719757574
3.083457487794699
3.2144384563068185
-0.3947648602798124
3.453730356024969
4.075314551092417
-0.8233766348139868
-0.2548035978779257
-0.5979367913317208
4.668394546302532
2.920184753815474
-0.07278219927242291
2.3991632721281437
-0.33062350900985726
-0.9797003144118634
4.996463788813291
4.356293370718365
2.401825597399199
3.2217602909689456
1.9885016793404366
1.766640241804864
-0.7861954704087448
2.2221593230390653
1.4114198430510516
2.2468661798572303
4.779677198083566
1.9171667744922827
0.41205922405690365
2.657905915321227
-0.3327384598141623
4.058894913201583
1.1642853204772554
2.104482414878469
1.0927950198009624
3.730181854726096
4.361859892950776
2.454320076339245
-0.07055755346093084
3.6388693335790645
1.024220723595394
3.235414636611041
3.3565209065066366
0.8010305492462941
-0.06407305805850072
0.4213495424684883
2.9856857649724646
3.4961539856091317
0.34488340301584874
-0.014236393770522549
1.057756157379294
3.115414950459768
1.76526533292723
0.6277938568470762
0.07729026912712711
1.251946107254449
4.557437133091629
0.773129702345932
2.0566595211344123
1.5671927265121397
4.002494813788708
-0.43687263012686284
3.162703296387524
4.210200365740763
0.42603869265782857
4.525244384979548
1.000856157225324
3.083017307817819
0.7779258150759116
0.3962424067076349
-0.9764321060559198
2.093407771438379
0.9126275729629507
3.1661152962758825
2.05542153398391
2.2452388528502274
1.7341040483287675
1.1521651930724683
4.697375649268448
3.8127178746373733
0.8379795901595637
-0.6492983887028323
2.8427490894487812
3.116570899136623
-0.41412016429755627
4.747399427909055
1.0529173800196556
0.8954850219062045
1.3237212765278157
4.315762300658189
1.8057305913370243
0.2497807843952955
0.08076557486374258
-0.0719589533985705
1.0339294191372348
1.2727398587581829
0.7990621922144774
3.5158548672010683
0.7643164388650054
3.306203303751424
2.2037251088520704
2.442830889201925
1.4266691616058922
2.52873288947304
1.1960780131916788
4.226296278767961
0.24840318073233525
0.1221908494168864
1.3423325933075985
2.214658500662849
1.0788411504022548
-0.4059381643545541
4.761096645904106
2.629478099526458
4.751932875927619
4.80130046462328
-0.3985963753722903
4.660923011166849
4.422213873018978
1.9310257363997216
-0.6607003985247426
0.9852231621613561
-0.20680967028305308
4.121641951925888
0.8065948439474533
2.466025786830902
3.667779502599995
3.2745628502909305
2.9900460501111654
0.9272939826552444
2.2208183301519493
0.07042893476743872
2.2137762571371953
3.7319250541785465
-0.04645079165085231
4.485884628341203
3.6850445479535807
1.8492371743406526
2.227488041026791
3.170814179496621
-0.2658861281561713
2.945235517803493
