-0.13885655314786227
-0.8513905222810287
2.847510557107003
0.7498236821325674
4.055450691298644
0.34527660625206824
4.358717233821393
-0.5241409561401671
1.5018873810801283
0.9445944917004838
4.744371517760811
4.587628861503767
3.2678938705118163
0.3964322400821707
3.946857354467779
1.673847508716647
3.908561038164244
2.462960551638056
3.2633779828857374
2.5676233862070124
2.2070683744492463
1.049273162685843
0.8385000363093402
1.5795551050348937
-0.17901847153628236
0.22912136282042317
2.1555698535419605
-0.10673504555242053
3.892245670954763
0.13339226702453777
4.74557576266424
4.551805775107162
4.079067852828174
1.8536116399708726
4.132781145428949
4.44796053424228
4.149377766816755
1.9535886599312047
-0.23279550962741946
2.8417802394334126
2.6819245256611555
1.308576819681103
2.5129442880945456
1.714414059802547
3.501833871459098
3.7024945111222216
4.159246417334358
0.15917712958415842
2.7307010378233665
0.3439995883001503
2.084609715842676
4.334759214476235
4.016008304053397
2.7638461055252197
2.6753800827816576
2.9632896957712207
0.7389135072931037
1.6925005940931461
2.3542135987108805
3.08703337676298
-0.14290223060610296
3.1688346645058285
-0.4288800167018514
0.48598095221286064
1.0913970815823077
0.0802494293446816
2.3050446807698792
4.68753726971197
2.310903825745032
3.964013419443077
1.8267699951453737
0.7710117991352337
3.242966237217524
-0.06792411555462796
2.8909058358869153
3.6508756666705233
4.725207876033379
1.9354030608658261
1.710636229947279
4.203439942709366
3.202512504100942
2.9746471023061876
-0.22457864454504506
4.070706554450016
3.061367681981501
4.8874457000192315
-0.10001116957314626
0.09869925398214274
2.281613747444401
-0.8190901012118181
-0.4220464164907074
1.3368125831571822
0.3617108015805053
4.90064788652565
1.5095492719958425
0.12729422999532303
3.6235363687794013
4.759541779098478
0.4205708221037656
-0.6640596511025705
1.9887445609538834
-0.9167458275080196
0.3552091825593262
0.445686529634469
4.7846387574142
4.185289562254502
2.970050602901899
-0.17204181239405902
4.621929919216492
0.8026687116114553
4.01584687637208
2.9992085696019752
1.322707431255247
4.652923996089711
1.4331599305552802
0.3005220678137823
0.3848234262722354
3.64349907323001
-0.962674558223795
1.963084066260672
-0.5224852180980168
4.606851285035519
3.525873663960092
4.846470506785795
1.6814975042188989
4.222041349809709
1.0185022766276335
1.7763863403221354
1.6031818342311244
4.317650608218788
3.2702144616272832
-0.1925625167687801
-0.1931010808874818
4.2560257877019145
4.369153989118573
0.4086930266792499
3.7135791675496934
4.703456278919666
4.194727543725983
0.5176299785972933
1.171470606836869
4.5007573831617025
4.459765649838365
1.858891240202884
-0.34655901894411656
4.12301044085493
4.180601674987512
2.0910730674711866
4.129606295271814
0.7055943757914824
4.817510648406884
1.225484729555924
2.109442443790419
-0.8112953962450915
-0.15360267882801004
4.423825427040188
3.919435935648787
3.8583253346357305
4.746171307722969
2.7701711996417595
3.3782924985936758
2.874797863512237
1.705413131847831
2.1338037960261422
2.7945466318944643
0.5418315198977006
2.1546651746564356
3.378514127410181
2.0445919254568254
-0.852183894879248
-0.7030911535137832
4.029252933737707
3.7096062778857144
-0.8618172669036834
0.4280769970274685
1.3029870156560666
-0.26964629507996674
0.6781942754932218
3.5257917973335253
1.995368185880424
4.525172172931417
1.159663799733369
4.111677647485584
2.5950295096518925
-0.7762410573181793
4.464869974539421
3.2012549769651475
2.553457825757339
3.03087589196835
1.6526178099883708
2.125220871656071
3.8012133957250267
3.4124895743047734
1.038280693262971
0.22688373760341207
0.2994769489293918
3.023987556131659
3.8029740995323236
2.8097260129191355
-0.018926109042215034
-0.4410500222892837
1.5877981235262766
0.13179549113959288
0.5843589944656993
4.180261878787113
2.1297934743992117
2.4193217097139597
-0.10787261920690283
-0.10077760921621204
4.946090125616517
2.960353541070745
3.1153586017082713
0.8595854534353802
-0.6735258287310852
1.877475012579307
0.5771274881062693
3.5876769726791586
-0.8202166277526513
4.795085430570507
0.7503995190521109
4.833641815335453
2.873654592872722
3.963666960366602
4.049451906238707
-0.3977012123462238
3.0871290100562048
1.8934281436797638
1.4905689575518908
0.6908963206061873
-0.2150978062494473
4.0487904413449005
2.0682284298465117
0.40740359848674146
1.0082892847599645
-0.8176870338700324
4.748386475625505
2.9926371302594976
4.914767565779824
3.9297043456267247
2.0457116829202047
2.9106169278383023
2.32521056484134
3.6241256780290074
3.12118017923519
3.1502623394028815
2.0494109762708628
-0.9612540689810354
4.426577407470874
-0.6767977605492221
2.7171132486570126
-0.6566808167500433
0.3957184314902389
4.445679663698801
0.40131117384462645
2.480007453806336
2.4178345914734383
0.3438910541147646
1.7087664298651855
3.992338362868641
2.6319401402381724
1.569136586517517
0.7241141668661915
-0.8736040087883032
0.27145981425858934
0.6669445316107612
3.833039944192337
0.3631712955600448
1.549588224585786
-0.34824677660119163
1.2989236412509282
3.2704640560348306
1.7106274699857327
4.9286986710652165
0.7011695477922137
1.3964703117135437
-0.5738449012458584
2.909703110272477
4.56516425289141
4.552810815463801
4.724597096143917
4.146158826444788
2.070404690150992
4.154848354138172
1.8115891560286688
3.869648040998979
3.411469447945084
3.0757253707700105
3.2399787046701833
-0.0703291499218488
4.859277054890618
4.143616866968511
3.8510972117051585
2.582589902876996
1.8805261714133685
3.214007972185062
-0.7758531483071287
4.58924833871194
0.42119151249773834
1.2616288349580733
