3.2034304644320803
1.919077600149996
-0.7243757296606235
1.691347455526099
1.4108630220174394
0.39941300501506394
0.7156784857356762
0.5154251967457035
2.560936255176368
-0.05016444566090117
2.7675841469432414
3.95735922530132
-0.9442469812851884
2.7976128590355467
3.382751507537553
4.665736538174871
4.5679796718397006
3.72759734375005
0.11243200303217504
3.1292133357280045
2.946731412025912
1.8085009689977238
2.832066675370849
0.12042281923363252
0.45977577939745085
2.2362973669030826
0.08990586577322568
0.31082509002854963
3.8947197275521557
3.3713144591699846
3.99990293424041
-0.5788697442313999
3.7548553640952314
0.5705861936482584
-0.12407044317531013
4.5768583038500426
4.142450884315111
-0.6147372456396676
-0.03798138890186009
4.349992049969547
2.686658594454747
0.0036928361723149727
4.674627486507072
3.387509468039301
1.2756632585635752
4.2603674434212495
3.491031097005676
0.7318265866717373
1.341622133930338
1.1244076957725344
2.3373010950688218
-0.29863839610259135
-0.6191534823022062
0.7504711351862186
3.403561259462471
1.7648668592982304
4.247533161462664
2.8484122163512753
-0.17018316468268924
1.8261366471301592
4.999001472911219
2.1989732476884307
-0.611888351621537
4.521842926344722
1.9271190092397221
1.7453399645948746
3.6268750243415955
1.7293667441436886
2.6810203815832043
3.108212912783788
-0.4275412033271506
-0.32749538936351086
2.4715699546480083
3.8459137448615675
-0.6047924005157383
3.1390889481897357
3.1271147515268884
2.6099427277665947
3.7583546126402707
0.630856477536663
-0.931995915247005
-0.6624700939018786
4.929096482026887
-0.341958577014323
3.8105065210486035
0.45192268476540276
-0.9140713312182802
-0.7534502533142804
4.31216609116464
2.511997134250281
1.0658884435925113
0.8960194001200787
1.8537310675219865
-0.7733835000140794
2.533584632392646
4.256976310582989
2.8745156010890334
4.560043216680086
0.6487661384263199
0.8846405553656647
1.6029830639120881
3.4761942125927234
4.686391098696289
4.195800976881056
4.765568773888261
1.7970345052532215
2.500936755525226
2.0798443086839056
1.246211786909004
4.165750166342196
3.213920482333979
0.6620489421008615
0.6173617513946994
4.517657676739125
1.7023922129559947
3.647975036365695
2.342266752379653
1.5603692107565452
4.283417664307053
0.2948983043378559
4.541289375418229
0.926741191784092
1.0116434950397721
0.8079816886113007
3.111725368067832
2.464396097828173
0.876491945219825
0.3384736832428836
4.355428292899008
3.874772502310554
-0.3411644882884959
3.754849913187508
-0.5498566736291652
3.159324443522479
4.484082897908125
4.940890211857658
3.4555133977758494
1.7240927356477567
1.8820722845810178
4.426576627352312
0.4637107256190496
4.7761415207558
4.719492042682039
0.8312349208532719
1.5422770631195277
0.458365458366609
0.7450159207260445
2.0747439278269977
-0.7370046799135583
1.9460257989064558
3.423025686081278
1.1778342662903971
-0.5476184944350033
4.8211943501659675
1.0000205722035052
3.6983275885991462
4.714968936171624
2.267910974178908
3.03798355219336
3.534797078176508
2.1612842798595686
3.113077547948235
-0.35413134177195493
3.5597116611342816
2.132994231769586
0.08455981714419436
3.3362953735287872
2.164421137524706
-0.15461251729500702
1.684560059255868
-0.15932574355053464
1.0538374550081082
1.3654758393961037
1.4936243491239956
0.7429884806782934
1.694399716803252
2.8755307043422214
2.4926696982126826
2.09410707202173
1.4808037904913514
4.211215378772648
4.267987736399037
0.6085932325765238
-0.2320569771977925
4.774565841914202
2.8842565485189384
-0.21296541421783122
1.7297364157900939
0.31257113526692026
2.538645074617069
4.235007334326887
1.8241006191106726
4.267732664790909
-0.8128865040154127
3.4456270661601227
0.9278490365622309
-0.08492516970401653
4.280613583099542
4.868820964735775
4.101126643645429
4.821686477315389
4.147394190960928
0.27058645099904743
3.37910956511253
1.0218849563936256
4.473690533559673
2.9609907969646283
-0.36458233269574714
1.4405287773162687
1.5665211156073342
0.2813304819171165
1.8981916739496527
4.796993714121211
4.795152984026397
1.2336821581234414
0.29108183711605085
4.965282182575362
0.310645869721053
4.739976498053311
1.4090603122774708
1.4507814495766223
1.732346415595182
2.5731527321594116
1.4399640975604937
3.590322669590507
2.8105319858007833
2.283461751037425
-0.4242156571197855
-0.32836426814209085
2.5425222799480154
1.9147518928121081
-0.8251331265130659
-0.03816056524083322
3.8767978518764696
-0.7340009091704989
3.4831063715704778
3.0990072755580558
-0.05719774833042246
3.5229585036821955
2.2724024388644173
2.3821848658765177
4.8991980219288465
3.058093438484315
-0.33997373030133904
3.5380495267331877
0.320331412010296
3.9486884753478204
1.8134261977978423
4.192166212103707
4.266185622182595
0.6696656919509283
3.2062431333838184
3.3812549286076026
2.573050494203819
3.6974531291102846
1.1808816932953228
1.482015539041301
0.9900538319597345
3.7871737230352736
4.62205382936261
1.7116272769943204
1.7011659108525246
4.179736348020251
2.5586390074366805
0.5948111997147771
-0.22058003756963318
4.179164551152689
0.46347881379416234
2.93697287468919
3.0147362451863486
1.3340506943525794
1.5489405676235841
3.5728979283316615
4.660405132798414
-0.6376925347870275
3.3008998366862166
4.369818212500745
-0.4356375858279735
0.09316321076473133
-0.7545305060044623
4.268565007538216
-0.481128219871257
-0.19306855082721563
2.1534257068764027
2.924602937271392
-0.5059055948532112
-0.176430582208555
1.1959558228963187
1.3660813347930572
2.858600702609464
1.088790554766144
-0.09198898613933326
0.5920966273276165
2.4083433385116364
1.4569937094236165
-0.8798842605251578
4.472231212239688
0.7240291058979644
-0.1836250443231653
